//Reference=MNI
//Abe_2019:1
//Subjects=38
-26 -82 -34
-36 -42 -36
-52 -50  22
-60 -50  36
-54 -60  38
 66 -18 -14
 50 -34  -8
 54 -56  22
 52 -46  24
 50 -50  26
 58 -52  38
 50 -56  52
 -2 -50  52
  6 -54  48
  6  58  10
-36  10  50
 28  32  44
-18  14  58
 12  28  58
 -8  24  52


//Abu-Akel_2020:1
//Subjects=24
54 -62 16
10  48 30


//Alkire_2018:1
//Subjects=28
 10 -73  11
-31 -19  -9
-12  39  18
 48  16 -29
 10   5  -1
-41  17 -16
-12 -48  25
 25  -7 -20
-12  17  10
 10   9  12
 18 -46  -2
 -6  -4   9
-50 -56  -9
 33 -73  38
 52  12  32
 18 -37 -13
  4  45  11
 -5  10   0
 40 -77  -3
 59 -17 -18
  4  44 -15
 46 -38   2
 14  35  50
 50 -67  34
 -1 -79  38
 42  26  -4
 61 -56  18
-37 -71  40
 20 -73 -32
-16 -92 -30
 52  12  32
  3 -51 -39
 42  26  -4
-14 -98   4
-12  56  30
-12  39  21
 -5  33  -2
-20 -34 -14
  8 -71  11
 20 -48  -2
 -9 -48  25
-35  22 -25
-39  25   3
-50  16 -24
-26   5 -13
-41 -64  27
-39 -50  31
 50  18 -29
 25  12 -16
 29  -5 -22
-12  16   9
 -6  -3   6
  8   8  13
 -7   8 -11
  5   8  -9
 46  14  23
 20 -75 -32
 31 -77   9
-29   4  45
-58 -23 -16
 54 -38   2
-11 -71 -30
-63 -50   2
-47 -53  -8
 44  24  -2
 44 -56  27
 18 -38 -14
 35 -38 -18
  8 -51 -39
 16 -71  11
 14 -38  -2
-14 -36  -5
 -7  62  14
 20 -73 -30
-37 -71  40
-12 -46  25
-50 -54  -9
 20  -9  -9
-26 -19  -9
  3 -55 -41
  1 -77  31
-26 -75 -37


//Anders_2015:1
//Subjects=18
  6 -54  15
-42 -63  18
  9  39  51
-48   3 -36
 45   6 -36
 -9  45  30


//Assaf_2013:1
//Subjects=27
-54 -60   9
 57 -48  12
-39  10 -30
 36  10 -39
 45 -45 -18
  0  42  12
  9 -45  39
 51  15  36
-21   9 -15
 15  12  -6


//Bach_2019:1
//Subjects=21
-39  26 -14
 54  29   1
-39 -64 -17
-57 -34  -8
 12  -7  -2
 57 -25 -14
  9  44  31
  3 -49  22
-39  17  43
-51 -58  25
 30  17 -11
 57 -49  25
  9 -67  32
  3 -49  22
  3 -28  37


//Bault_2011:1
//Subjects=24
 12 -87  -3
 57 -39  18
 27  21 -15
 54 -15 -12
 42  24  24
-60 -51  21
 -3  42  39
  9  54 -15
 48 -54  -3
  9 -48  42
-36  18 -18
  9  54   3
 -9 -27  -6
-63  -6 -21
 12  36  57
-57 -27  -6
-42  15  30


//Bereczkei_2015:1
//Subjects=38
 54  -56 -18
-28  -96  -6
 30  -98  -6
 48   10  24
-44    6  30
 50   36  24
  2   22  46
 34  -58  48
-30  -58  46
-34  -94 -10
 28 -100  -4
 54  -56 -18
-32   24  -8
 34   20  -6
 34   20  -6
 38   60   2
 46   42  30
-52   12  24
 10   -8   0
  6   30  46
  6   -4  30
  6   30  46
 32  -62  46
-32  -56  46


//Berns_2005:1
//Subjects=32
-18 -90   9
 24 -87   9
 24 -69  36
 18 -57  48
 15  -3 -18
  6  12   3
 48 -48  27
 54  24   9
-54  21   9
 42  33 -15
-36  27 -18
 12  45  54
 -9  42  30
  9  54   3
 60 -33  -3
-51 -51   3


//Beyer_2018:1
//Subjects=20
 -2 -62  40
 30  26  40
 44 -54  22
-44 -52  34
 60  -6 -14
 -4 -52  38
 60 -58  34
-52 -56  34


//Bitsch_2018:1
//Subjects=20
 32 -54  46
 30 -60  46
 50 -46  42
-34 -68 -30
-32 -56  50
 44  36  28
 42   6  32
 32  22  -2
 32  58  16
 38  50  -8
 44  24  32
  6  24  50
  6  32  42
-46   2  34
-44  30  28
-28   0  50
-32  52   0
-36  54  10
-26  48 -12
 -6 -28  39


//Brandi_2021:1
//Subjects=33
 48 -44  18
 44 -62   2
-46 -62  14
-50 -70  38
-50 -60  46
  6 -58  30
 46   2  44
 34  20 -18
 40  20  18
 44  20  38
 34  12 -34
  4  56  20
  2  46  -2
  2  26  16
 20  40  38
  8  20  56
 -4  68   4
-22 -80 -38
-40  -2  48
 50   4 -34
 54   2 -22


//Brune_2013:1
//Subjects=29
 18  17 -2
-15 -19 10
  3 -25 31
 39  17  1
-36  17  1
 15 -85  1
-12 -88  4
 54   8 25
-48   5 31
 -3   5 58
-48 -34 49
-45  -1 46


//Buades-Rotger_2017:1
//Subjects=27
-22   -2  65
 28   -7  58
 -7   10  45
 30  -52 -32
 20  -54 -22
 18  -67  55
-10  -17   2
  0  -30   2
  3  -20  -5
 18  -97  15
 13 -100   2


//Caruana_2015:1
//Subjects=13
 34  52   0
 24  52  26
-26  44  14
  3  42  36
-34  22   2
 48  22  18
 46  24   8
 42   8  44
 52 -22 -14
 52 -44  24
-60 -48  14
 52 -44  24
-52 -48  34
  4 -62  58
 16  -6 -10
 38  52   0
 38  36  34
 34  54  16
-26   4  58
-40  56   4
  8  44  48
 42  26  -6
 54  22  26
-22   6  60
  4  40  12
 10  18  32
 -6  -6  32
 40   6  48
-30  -2  58
 40 -52 -14
 48 -72  -2
-46 -44   6
 56 -42  22
-52 -46  18
 56 -40  40
 38 -60 -12
  8 -40  14
 10 -62  51
  4 -84  24
  0 -96  -2
-22 -66  -4
 18 -82  32
-46 -74   0
 12 -12   6
-30 -70 -28


//Cavallo_2015:1
//Subjects=21
 54  21   4
 42  10   0
 63   7   7
  2  27  20
 19  -6  10
 31   7   4
 37  10   4
 19  -7  -4
 23  -1   5
-43  20   5
-40   6   2
-55   0   8
  0  57  20
  1  -1  56
-28   5   5
-36   6   1
-19 -10  -3
-20 -11   8
 46  21   4
 42  13   3
 62   8   7
  6  27  20
 57 -40   7
 15  -1   8
 19   3   1
 38   4   1
 19   1   2
-44  20   5
-40   6   2
-52   0   6
 -1  57  20
  0  -2  57
-26  -6   8
-35   3   2
 49  21   7
 43  10   4
  2  27  20
 58 -40   8
 38   7   4
-46  20   8
-40   7   6
 -2  56  20
  0  -4  56
-33   7   5
 40 -84  -9
 29 -97   1
  0  57  20
-40 -83 -11
-27 -97   1


//Chaminade_2015:1
//Subjects=10
55 -51  22
12 -57  45
57 -27 -11
 4  42  31
27  27  36


//Chaminade_2012:1
//Subjects=18
-24  10 62
 -8 -64 52
-46 -44 50
-34   4 44
-46  16 42
-30 -70 38
  4  42 34
 56 -54 28
  6  -2  6
 56 -52 16


//Chauvigne_2018a:1
//Subjects=19
 44 -63  9
 47 -26 59
-47 -63  7
-50 -26 57


//Chauvigne_2018b:1
//Subjects=18
  4  54  21
 43  18  11
 47  -4  13
 -9  51 -15
 43  19 -19
-50 -30  54
 50 -23  55
 50 -26  18
-11 -27  50
-54 -24  17
 56 -62   8
 53 -64  -8
 57 -45  27
 44 -55  18
 -2  15  12
 14 -15  -2
 37  -6 -10
 46 -72 -21
 17 -56 -18
 47 -29  62
-50 -30  51
  2 -17  49
 50 -32  22


//Corradi-DellAcqua_2013:1
//Subjects=23
 42 -34  38
-40 -36  38
 10 -64  10
-10 -66  10
 10 -64  38
 -8 -62  36
 30  22   2
-34  16   0
 -6 -12 -10
 -2  18  44
-40  -6  52
 36  10  54
 42  42  14
 50 -62 -12
-30 -78  -8
 36 -84 -12
 48   4  26


//deQuervain_2004:1
//Subjects=14
  6  22   4
 22 -24  10
  6  22   4
 22 -22  10
-28 -58  42
 60 -62 -22
 30 -78  50
  6  24   2
 22 -22  10
 58 -38 -32
 32 -72  48
  6  22   4
 16 -36 -36
 52 -76  -6
  6  22   4
  2  56  -8
 12  32 -32
  2  54  -4
  4  52 -16
-46 -36   8


//Dedovic_2014:1
//Subjects=26
 50 -62   8
 62 -40  28
 22 -90  16
  0 -12  40
 -4   2  32
  2 -20   4
 34  16  16
 26 -56  -4
  4 -62 -18
-38 -62  16
-48 -52  24
-38 -26  44
-36 -36  48
 20  30 -14
  8  22  -6


//Delgado_2008:1
//Subjects=17
  8 -63 51
-46 -38 45
 14 -72 46


//DiMenichi_2017:1
//Subjects=20
 56 -53  23
 52  27  15
 13  65   9
 32  24 -14
 20 -49  -7
-29  77  -5
-38  23  44
-51 -63  23
-42  63  -7
-58 -36  -3


//Dziura_2021:1
//Subjects=52
-10  42  48
  6  16  64
 -6  56  22
 -4  24  56
 -6  56 -22
 28 -72 -26
-32 -82 -28
-52 -64  -4
  4  46  18
 -6  54  16
 44  34  -8
-46 -56  28
-42  20 -32


//Edmiston_2015:1
//Subjects=16
-39 -31  55
 54  32  28
-36  44  13
-27  11   4
 24 -67 -50
 27  -7  13
 18 -70  40
-12 -13  52
 -6  26  52
 33 -58  -5
-36 -55  52
-48 -31  58
 -9   5  34
 48 -52  55
 33 -58 -32


//Elliott_2006:1
//Subjects=12
 -5  59  21
  4  58  18
-50 -59  37
 53  18 -25
-59 -33  -7
 -2 -56  35
  8 -64  42
-21  46  45
  5  27  65


//Fareri_2014:1
//Subjects=18
 49 -57 -23
 32  33 -25
 -4  33 -25
 -7  20 -23
-39  20 -23
 -7  50 -16
 -7  54  -3
 -3  30   9
  0  53  17
-51 -62  29
  4 -55  31
 42 -44 -24
 23 -55   4
-19 -64   5


//Fareri_2015:1
//Subjects=26
 26 -59  -9
 13  19  -3
  0  62   6
-20   8 -12
 72 -15  16
 42  56   9
  7 -95  15


//Fareri_2012:1
//Subjects=20
 -9  44  28
 -3 -62  32
 43 -59  27
 59 -43  22
 46 -66  21
-48 -63  23
 55  -5 -22
-10  45   5
 39 -54  13
-16  13   1
 10   9  -2
 52 -23  -7
  0   2  -8
  3  63 -14
-42  21  -9
-36  11 -12
 26  11 -20
-65 -15 -15
-62  -5 -16
 39 -57 -20
 32  23 -31
-46 -48 -26


//FeldmanHall_2012:1
//Subjects=14
 14  38  28
-26  -2 -26
 28  -8 -28
 28 -64 -10
-44 -74   0
 46 -68   2
 54  22   6
 46 -18  62
-30  10 -18
 26  10 -18
 16  40  26
 10 -12  10
 28  32  -8
 52 -58   4
-52 -68   4
 50  18  10
 38  24  -6
-28  12 -18
-33  20  -6
  8  32  44


//Fett_2019:1
//Subjects=47
  0  28  32
 -2  21  40
 -4  16  51
-37  48   1
 10  34  22
 17  21  57
 43 -53  40
 45 -45  38
 49 -45  38
 60 -52  47
-25 -87 -10
-11 -89 -10
-37 -85  -8
-33 -81  -8
 40 -61  47
  6 -91  -7
 51  30  22
 48  36  18
 37  18  -8
 37  58  -1
 41  53  -7
 49  13  26
-41   3  29
-47   6  39
-51  24  21
-43  46  -1
-43  42   2
-41  17  17
  3  24  40
 -2  23  40
  7  36  32
  6  24  32
-10  24  34
 -6  32  22
  0  20  41
  8  32  22
 14  12  60
-15 -89 -10
-11 -89  -8
 41 -59  49
 24 -91  -6
-27 -92  11
 10 -93  -7
 47  10  24
 48  38  18
 43  36  14
 31  17  55
 51  24  24
 43  53  -2
-35 -58  48
-38 -49  46
-47 -42  45
-26 -71  32
-39   5  29
-47  13  22
-55  22  26
-49   8  48
-42  10  35
-55  32  22


//Fukui_2006:1
//Subjects=16
 -7  51 30
-60 -50 33


//Gallagher_2002:1
//Subjects=9
 10  60   3
-10  58  23
 -1  52   6
 42  25 -30
 33 -87 -30
-27 -86 -25


//Guionnet_2012:1
//Subjects=23
-34 -24  60
-48   2  32
 34 -24  58
 -2  -8  56
-52   6  24
-60  10   6
-46   2   4
-36 -36  64
 40 -28  64
-46 -36  38
-24 -84  32
-22 -58  46
-50  10  -4
-18 -20   6
 16 -18  10
-18 -22  20
-18  -8  -2
-24  -6  18
 -2 -60 -18
-16 -50 -22
 18 -50 -18


//Hallam_2014:1
//Subjects=20
-38  16  14
 -4  11  57
 50  -7 -28
 48  -2 -34
  4  59  12
 16  59  17
 24  57  14
 14  44  18
 16  43   5
-10  38  17
-44 -13 -21
-44 -18 -16
  2  31  39
  4  23  38
 -4  25  14
-61 -48  12
-53 -44  13
-58 -45  26
 48  15  16
 51  17  -8
 57  18   1
 14  33  46
  4  59  10
  8  51   7
  8  49  14
 14 -24  18
-22  -4   7
-55  14   3
-14 -58  53
  4 -21   3
  2 -35  -3
-50  -7 -28
-46  -9 -18
  2  31  39
-40  20  14
 18  16  53
 36  16   0
-10  21  32
-57 -47  24
 34  27  37
 16  43   5


//Hu_2018:1
//Subjects=50
-48   4 -10
 52 -50  14
 56 -40  50
-40   6  26
-40 -84  -8
 46  30  20
-32 -56  44
 -6   8  56
 42 -84  -6
 38 -54  44
 48 -44 -16
 -6 -50  28


//Izuma_2010:1
//Subjects=26
-8   6  6
10   6 14
12  56  8
-4 -76 -6
32  44 -2


//Jasmin_2019:1
//Subjects=39
  4  37  42
-37  17 -30
-49 -62  36
 52  10  30
 26   3 -10
 -1  60  10
-37 -12  11
-14 -54   8
-46 -30  -2
-18  -3 -25
 42  19 -15
 39 -28  14
-20  24  47
 -1 -39  33
 46 -55  37
-24   0   3
 55 -30 -10


//Jensen_2014:1
//Subjects=18
 63 -46  10
-48 -46  10
 48  29   1
-15 -76 -38
 15   2  10
 48 -46  10
 48  29   1


//Jo_2020:1
//Subjects=30
-12  56  27
-43 -58  -8
 33  16 -11
 12 -85   6
 -3 -50  25
-39  17 -10
-49   7  41
 53 -61  22
 55  -1 -15
 19   5  11
 30 -80   8
 50   2  39


//Kircher_2009:1
//Subjects=12
 35  21 -16
 56  23  25
 53  31  19
 61 -40  50
 49 -48  55
 45 -49  48
-28 -53  54
-42 -39  39
-28 -60  67
  6  61  32
  5  39  -6
  5  61   3
 14 -27  -1
  5 -23  -1
 -8 -20  -9
  5   3 -21
-25 -94 -21
-38 -85 -21


//Koike_2019a:1
//Subjects=34
-40 -60 -30
-28 -46 -30
-28 -44 -44
-18 -60 -52
 -6 -54 -54
-14 -52 -52
  6 -56 -56
 12 -50 -50
 -8  10  50
-10  10  38
  6  12  40
 -8 -46 -22
  0 -56 -26
 14 -52 -30


//Koike_2019b:1
//Subjects=65
-36 -80  16
-12 -76  12
 18 -70  10
-28 -66 -26
-42 -64  10
-42 -62 -10
-28 -60 -26
 10 -24  10
 40   0  50
 42   2  54
 52  12   6
 42  20  -2
 50  22   2
-26  -8  52
-42   0 -14
-52   8  30
-58  12   6
-36  20  -2
  4  -4  30
 -4   0  34
  6  20  38
  6  28  36
  6  30  42
  6  36  24
  4 -34 -34
  8 -30 -24


//Kokal_2009:1
//Subjects=18
-28 -66 -14
-12 -94   2
 32 -88  12
-14 -96   6
-32 -86  -2
 22 -84  -6
-21 -80 -12
 30 -80  18
 10 -70 -10
 32 -72 -12
 34 -78  -8
 -2 -78 -12
 10 -60 -12
  8 -56  60
 24 -68 -14
-10 -70  52
  6 -62 -20
-26 -54  52
 46 -58  14
-18 -64 -20
 14 -70  54
-52 -56   8
-22 -32  -2
 10 -22  10
 -8 -18  14
 44 -32   2
-30  -2  46
-12  -2  -2
-36 -44  34
-38  16  18
 58 -42  16
 50 -48  -6
 36   4  48
-20  12  -6
 62 -40  12
 24 -92  16
 58 -38  10
 48 -58  14
 20 -94   2
  6 -20  10
 10 -26  12
 46 -38  12
  6 -50  -6
 14 -48 -20
 -6 -56  -8
 -6 -52  -8
  6 -74 -10
 10 -70 -10
  2 -76 -10
 22 -70 -14
-30  -2  46
-60 -18   2
-56 -10  -2
-56 -30   6
-38 -30  10
  8 -54  58
  8 -54  58
-22 -76 -12
-20 -80 -12
-30 -76  -4
 16 -68  44
 -2 -84  -6
  6 -88  -6
-22  16   4
-12 -70  48
-30 -50  40
 -6 -16  16
-22 -30  -2
-40  16  18
 34 -50  46
 16  10  56


//Krach_2009_Study1:1
//Subjects=12
  4  52  38
  4  35   2
  4  55  12
 12 -27   1
  4 -23   1
 -8 -20  -6
  4   3 -14
-28 -75 -20
-24 -87 -23
-36 -79 -23
 -8 -52 -31
 59 -16 -16
 44 -71 -17
  4  30  50
  0  32  21


//Krach_2009_Study2:1
//Subjects=12
 12  59  23
 16  56  34
 -4  51  20
 59 -53  21
 51 -61  25
-32 -79 -30
 -8 -45  35
  0 -49  36
 -8 -44  43


//Krach_2008:1
//Subjects=20
 36 -58  43
 53 -52  39
 53 -41  35
 38  50  20
 34  57  10
 24  59  19
  2  38  29
  4  31  41
  8  55  41
-36  46 -14
  6 -71  51
 10 -68  42
-34  58   3
-34  49   5
  4  30  57
-34  21 -11
 53  19 -13
 20  22  58
 28  18  54
-46  42  18
 55 -53  21
 51 -66  35
  8  45  29


//Kuhlen_2017:1
//Subjects=17
 24 59  -5
 24 38  -2
 15 53 -11
-48 50  -5
-54 47 -11
-57 41 -20


//Langavant_2011:1
//Subjects=10
58 -52 18
56 -60  4
46 -58 10
 2  28 62
 4  18 60
-2 -52 44


//LeBouc_2013:1
//Subjects=32
  6   44  20
-40  -90   0
 28  -86  30
-34   -4  40
 32   20 -22
 -4 -100   8
-48  -64  32


//Lee_2018:1
//Subjects=16
 15  38  13
 -6  31  50
-13 -12   6
 11 -10   0
 -5  13  -4
 11  13  -6
 25  32  40
-43  15  33
 30  46  18
-38   7 -30
 30   5 -33
 -4 -47  24
 64  26  20
 52  25 -10
-57  24  19
-54 -49  24
 19 -83  16
-20 -63  32
-59 -59  36
-34  33  21
 27  25  36
 30  45  19
 21  29  54
 54  -9  49
-63 -47  25
 54 -48   7
 11 -11  11
 19  14  -3
-13  11   9
 19 -77  13
-15 -50   1
 28 -51   2


//Lemmers-Jansen_2020:1
//Subjects=30
 -3  26  40
-33  56   8
  2  43  23
  2 -80   0
  5  33  43
 55  18  30
-41   6  33
-46  48  -3
  5   6  28
 35  23  -3
-51 -35  -5
-31 -60  45
  7 -70  43
 20 -30  -3
-23 -32   0
 40 -77 -15
 -1  31  38
-43  48   3
 42  31  33
-41  26  30
 35  23 -13
-38  21  -8
 52 -37  53
-33 -62  45
 -8 -82 -10
 -6 -70  38
-11  13   0
  5  23  43
 45  38  20
-43   8  31
-31  -2  50
 35   3  50
 40  21  -8
-51 -35   0
-31 -57  48
 22 -30   3
-21 -27  -5


//Lopez-Sola_2019:1
//Subjects=30
 46  40  20
-48  34  16
-44   2  30
 34  34 -16
-32  38 -20
 -8  36 -28
  8  44  44
 -8  40  34
  2  34  30
-34  14   4
 62 -18  32
 -6 -26  -6
-24  -4 -24
-48  14 -20
 28  10 -28
 30  10 -44
-10   2  14
 -8   8  12
-42 -74 -50
-34 -88 -24
 24 -46 -28
 26   0 -26
 14 -12 -26
  4  -6  -8
  8  18  -2
-10 -32 -38
-16  46   2
-10  62 -22
 22  18  66
 30  58   4
 12  56  32
-32 -32  36
 34  50   2
-14  34  34
  6  58  38
 20  58   2
 34  14 -34
-54   0 -32
 44 -44 -26
 58 -42 -24
 56 -46   0
 52 -54  54
-46 -34  64
 26 -34  72


//Lopez-Sola_2018:1
//Subjects=29
 10  58   2
  8 -26   8
  4 -42 -44
-36  16   6
 20  30 -18


//Ma_2018:1
//Subjects=104
-18  57  6
 -6 -60 33
-45 -75  6


//Matsunaga_2017:1
//Subjects=50
 -2  58  20
 -4  52 -14
 18  36  54
  0 -60  32
  4 -48  10
-56 -10 -20
-64  -8 -16
-52   8 -30
-48 -64  32
-42 -52  28
 34  20 -18
 52  12 -30
 62  -4 -24
 52 -60  28
 58 -58  22
-12  12   8
  8  -4   8
 20   8   4
 12 -82   4
 16 -70   2
  0 -52 -42
-28 -72 -32
-30 -82 -32
-24 -78 -38


//Miyata_2021:1
//Subjects=32
 46  -24  -2
 56  -42  10
 60  -44  42
 60  -38  38
 52  -48  26
 66  -44  22
 56  -56  12
-52  -26   2
-48  -30   0
 10   12  72
-54  -48  40
-60  -50  30
-58  -48  22
-56  -50  28
-58  -54  28
-42  -58  20
-38  -54  22
-52  -60  20
 -6   48  28
 10   50  24
 30  -88 -20
 22  -80 -28
 50   20  -4
 52   22   0
 50   22  20
-26  -76 -20
-24  -90 -24
-20  -78 -34
  4   34  24
  2   26  32
 -6  -78  48
 -2  -66  60
  0  -74  52
 14  -68  46
-26   -4  14
-16    2  16
 -6   -4  68
-10   46  38
  6   -6  64
 24   -4  10
-54   -4  40
-56   -2  34
-58  -12  36
-58  -12  24
 -4  -18  34
  6  -20  34
 40  -78   0
 30  -96  10
 48  -60 -10
 42  -72  -6
 40  -92   4
 22 -102  16


//Molenberghs_2014:1
//Subjects=48
-27   8  1
 27   5 -5
  0  23 -5
 -3  53 28
-48  23 -8
 45  29 -8
 57 -25 -5


//Muller-Pinzler_2015:1
//Subjects=27
 0  60  18
-4  50  30
 2  60  32
-4 -52  38
 4 -50  36
 4 -58  38
32 -68 -12
38 -48 -22
26 -74 -18
46  22  26
30 -62  54


//Nagy_2010:1
//Subjects=15
-54 -42  63
-56 -54  53
-61 -66  16
-41 -61  67
-54 -68  37
 -2 -50  61
 28 -59  59
 43  25  57
 58  21  39
 38  35  56
 36  37  49
 58  41  26
-21  58 -19
 27  29 -15
 27  33 -13
-40 -47 -13
-36 -40 -11
-66 -62   7
-68 -58   2
-57 -78   0
-54 -42  61
-56 -51  53
-52 -44  45
-57 -57  40
-64 -67  -1
-61 -71   1
-68 -59   0


//Newman-Norlund_2008:1
//Subjects=20
  6 -62  44
-60 -54  20
-36 -60  38
-42   4  28
-48  16  26
-52 -46  42
 58 -56  20
 36 -62  48
 44  10  38
 48  20  24
 12 -90  10
-24   6  62
 -6 -62  54
-34  32  42
 62 -52  24
 42   4  50
 10  20  52
 46  16  20
  8 -62 -54
 42  28  40


//Noordzij_2009_Study1:1
//Subjects=24
 50 -42 14
  4  54 18
-52 -24 44
-38 -34 64


//Noordzij_2009_Study2:1
//Subjects=8
50 -38  6
 0 -38 20


//Ozdem_2017:1
//Subjects=21
 56 -22 10
-44 -32 10
  8 -80 26
 26 -50 64
 58 -12 50


//Pfeiffer_2014:1
//Subjects=20
  8   4 -10
 -6  10  -8
  4  48 -16
 -8  42 -12
 10   4 -10
  6  22 -10
 24  20   0
 -8  32   6
 10  28  16
-10   2  -2
 -8  16   2
 -8  28 -12
 -6  -6 -16
  6 -24 -18
 -6 -20 -18
-12   6  -6
-10  18   2
-18  18  -8
-22  14  16


//Polosan_2011:1
//Subjects=14
 -6  56  -6
 -5  59  21
 56  37  -5
 -6  57  -1
-47  13  15
 69 -25  17
 36 -17 -27
 34 -88  -4
-31 -73  -8
-28 -44  -8


//Radke_2011:1
//Subjects=34
-34 -68  52
 42 -66  48
 10  38  24
-42  14 -16


//Redcay_2010_Study1:1
//Subjects=16
  6  14  36
  2  36  14
  8   6  62
-40  14   4
 38  16   0
 54 -48  12
 60 -46  24
 38 -64   8
 48  12 -30
 38 -70  20
-48 -44  22
-46  16 -16
-48 -60   4
 10 -74 -12
-42 -56 -28
 20  -2 -18
 26 -16 -14
-18  18   4
-12  12  -4
 22   8 -10
-14  -8   6


//Redcay_2010_Study2:1
//Subjects=13
 48  -40   6
 54  -58  14
 50  -70   0
-48  -56  14
-48  -68   6
-10 -106  14
  2  -88  -2
 46   30  -6
  6   50  44
 58    2 -24


//Redcay_2013:1
//Subjects=14
  0  -54  24
-54  -72   6
-10 -100   6
-42  -66  48
-62  -32  -8
 44  -64  14
 46  -42   6
  2   58  32
  6  -86 -12
 58  -50  50
  2   34  36
 60   16   4
-28   48  24
-46  -48  42
 -4  -42  48
 64  -30  26
 46  -46  14
  2  -74  42
 48   12  46
-48    8   0
  2    8  56
 50   26 -10
 50  -64  12


//Redcay_2012:1
//Subjects=32
 44   24 -16
 66  -46  16
 54  -48  50
-50  -56  12
-46  -50  52
 50   14  46
  2   20  64
-54    8   0
-16  -68   6
 52  -50  48
-12   -8  18
 40   26 -20
-38  -62  54
  2   58  28
 14  -72  18
 58  -50  16
-52  -68  30
-52  -66  18
  2  -50  28
-10  -98   2
 58  -68  14
 60  -52  14
-50   34 -12
 -2   60  34
  2   42  18
 46  -54 -26
 48   32 -16
-16 -102  12
-36   24 -34
  2   38 -18
  0   64  22
 54  -60  10
 54  -38   2
  4  -48  28
-50  -68  14
  2  -82  -2
-48  -70  44


//Rice_2016a:1
//Subjects=29
-34 -78 42
-38 -56 32
 -8  50 28
 12  56 28
-18 -94 -4
 22 -94  4


//Rice_2016b:1
//Subjects=19
  0 -72 36
 32 -90 20
-48 -66 44
  2 -76 44
 60 -54 36
  0 -78  0
-34 -70 50


//Riedl_2014:1
//Subjects=18
 -8  26  14
-38 -66  24
 12 -54  44
 30  20 -28
-16 -54  38
 -8  66 -12
 -8  44  28
 -8  42 -28


//Rilling_2008:1
//Subjects=20
  2  35  39
 27  62  17
-31  62  -1
-31   3  62
 48  17  43
-69 -26  -5
 51 -53  38
-48 -62  44
  0 -58  49
  6 -80   1
-33  20 -14
 33  21 -14


//Rilling_2012:1
//Subjects=86
  4  51 -15
  1  26  -3
 63 -11  44
-64  -8  42
 27  16 -16
  7  -6 -10
  7  36   0
 -8 -41  34
-44 -29  -7
 56  -1 -21
 34 -16  28
 14  64  17
 -2  58 -12
-21 -20  53
-67 -17 -11
-12 -23 -11
  1 -70 -38
-27  29  58
 11  57  18
-27 -75  51
-60  22  26
-64 -40  45
-61 -46 -11


//Rilling_2004:1
//Subjects=19
 61 -10 -19
 53 -54  30
  0 -84   4
 10 -11  -8
 23  35  42
  4  50  13
  1 -57  39
  1  -9   5
-16 -26  -4
-23  17  -9
 52  29  19
 58 -60  17
 44 -62 -15
 46  11  33
 45 -54  36
 33  25 -17
 35   3  61
  4 -58  33
  9  54 -19
 13   4   8
-16 -70 -23
-40 -53 -18
-45  15  36


//Saito_2010:1
//Subjects=38
 26 -96  -2
 34 -86  -4
 48 -60  -6
 48 -54   4
 56 -52   2
 48 -44 -18
 52 -40   8
-30 -94  -6
 32  26   2
 44  10  32
 50  26  16
-30  25  -4
  6  22  44
  8  28  36


//Schilbach_2009:1
//Subjects=21
-10  56  37
 -2  52 -21
-56  -2 -21
 22 -24  -5
  4 -36  39
  8 -88  13


//Schindler_2019:1
//Subjects=28
  0  44  44
 -6  40  -8
  8  10  -4
-30  16 -16
 -6 -62  32
 36  26 -14
  2  52  18
  6  48  10
-40  24 -14
-14 -46  36


//Schippers_2009:1
//Subjects=24
 50 -68  -2
 28 -50  52
 56 -42  16
 48 -28  36
 34 -36  52
 60  18  28
-40  22 -22
-40 -26  64
-28 -54  66
 44 -20  54
-36 -14  62
  4   0  68
-46 -32  38
-52   6  10
-52 -62  -2
 66 -34  22
 26 -72  40
 32  46  28
 44 -68  -2
 26 -88  -8
-42 -68  -4
-44 -66  -2
 36 -44  60
 26 -26  -4
-48  14  22


//Schuwerk_2017:1
//Subjects=23
 24  46 12
  6  32 16
-12  32 16
-12 -66 24
 10 -68 38


//Sequeira_2021:1
//Subjects=76
-46  -48  46
-34  -58  44
  6  -70  46
-12  -82 -28
-26  -70 -23
-32  -80 -30
 42  -52  48
 36  -66  48
 54  -46  42
-42   24  46
-48   26  38
-46   16  46
-40   54   4
-40   54  -6
-38   54  12
 40   10  42
  0   34  48
 48   16  48
 32  -86  10
 18 -100   8
 30  -88  22
 30   52   2
 40   50  -8
 26   62  20
-18  -98  10
-30  -90  14
-26  -88   4
 60  -36  -8
 52  -48 -10
  0  -60 -32
  2  -52 -34
 -6  -52 -36
-28   22  -6
 26   56  30
 26   50  38
 30   26  -6
 40   26  -6
-60  -34 -10
-60  -42  -6
-56  -54 -14
-46  -48  46
-32  -66  46
-32  -58  42
-14  -82 -26
-12  -78 -34
-28  -80 -22
 42  -54  50
 34  -70  48
 40  -62  42
-40   54   4
-40   54  -6
-38   54  12
-48   14  46
-42   26  44
-48   26  38
 -2   32  46
 48   16  46
 42   12  44
-20  -98  12
-28  -90  16
-26  -88   4
 32  -86  10
 18 -100   8
 30  -88  22
 30   52   4
 40   48  -8
 24   62  20
 62  -38  -6
 62  -46  -4
 54  -48  -8
-30   24  -6
-54  -52 -14
 26   56  30
 26   50  38
  0  -60 -32
  2  -52 -34
 -8  -52 -38
-56  -30 -12
-64  -34  -8
-60  -48  -4
 30   26  -6
 40   26  -6
-16    2  20
 42   46  24


//Shpurov_2020:1
//Subjects=24
 -8  54   0
-20  42  20
 -2  52  42
-10 -48  30
-10 -56  26
-48   2 -32
-54 -12 -26
-46  -4 -22
-26 -84 -34
-10 -92 -30
-38 -36   2
-34 -28   2
-44 -22 -12
-34 -16 -22
-42 -28 -18
 -6  -8  42
 -4 -26  60
-62 -60  26
-30 -32  22
-42 -16  18
 -6 -36  78
 -2  24  62
 10  52  10
 10  56  30
  2  52 -14
 10  36  -2
  6 -52  26
 26 -84 -38
 34 -76 -34
 50  16 -30
 34  20 -18
 66 -24 -10
 42 -32 -14
 42 -16 -14
 58 -48  26
  6 -36  66
 30 -24  18
 38 -24  30
 18  32  62


//Sip_2010:1
//Subjects=14
-24  12 56
-28  54 14
-10  16 58
-42 -56 48
  0 -66 48
-44  48 10
-28  50 20
-32  52  8
 20  64  8


//Sperduti_2014:1
//Subjects=23
-36 -24  62
 36 -24  62
-16 -52 -22
 20 -50 -20
-14 -20   8
 16 -20   8
 60 -32  24
-26  38  24
-36 -24  62
-36 -22  54
 36 -24  62
 16 -52  22
 20 -50 -20
 -2 -62 -16
 16 -18  10
 62 -32  24
-32  40  28
 30 -76  32


//Spilakova_2020:1
//Subjects=38
 60 -50  16
 54 -60  16
 52 -20  -6
 62 -32  30
-58 -52  16
-56 -60  12
-50 -70  12
-56 -40  28
  2  30  -4
  0  -4  -2
 56  22  28
 48  12  36
 38  12  30
  2 -52  48
-18 -80 -32
  2 -42 -32
 -2 -78 -26
  2 -70 -34
  0 -64 -18
 48  18  46
 36  62   8
 28  20  60
 28  28  56
  6  38  58
  2  34  42
 46 -50  58
 54 -46  50
 36 -68  54
 46 -62  48
 44 -62  52
-10 -84 -24
-14 -86 -22
-40 -72 -42
  4 -66  44
 66 -32  -2
 66  -4  -6
  0  20  38
-32  52  26
-32  42  38
 32  52  30
 34  42  38
-46  16  -2
-32  18  10
-18   4  70
-20   6  66
 50  18  -4
 -2 -56  58
 34  22   8


//Spitzer_2007:1
//Subjects=23
-32  26  28
-42  44  20
 28  26  24
 38  38  28
-42  52  -2
-34  50   6
 46  48   6
-40  36 -14
 44  42  -6
-14   8  12
-20   2  20
 16  10  14
 14  -2  20
 -6  -4   4
-28 -68 -18
 -6 -82 -12
-18 -80 -12
 30 -64 -28
  2 -60 -24
 16 -76 -28
-34  46  -6
-26   6 -28
-56 -26   4
 50   2   6
 42  -2   2


//Sun_2016:1
//Subjects=25
 45 -49 -17
-42 -64 -17
  9  44 -14
  6 -88  -5
 -9  50  37
  0 -55  31


//Takahashi_2015:1
//Subjects=17
 26 -76 -26
-20 -80 -28
 10  50  38
-32  18 -10
 -2  28  56
-12  -6   4
-18  14  16
 18  12  16
 38  26  38
  0 -58  42
-40  20  42
 64 -24  -6
 42  26 -16
-46 -56  22
 50 -64  26


//Takahashi_2014:1
//Subjects=16
  6  60  20
 46 -56  20
-14 -30  -4
-40 -58  24
 -8 -52  36
 58 -46   0
 36  20 -32


//Tamir_2015:1
//Subjects=23
-24 19 -16
-10 55  -6


//Tomlin_2013:1
//Subjects=86
 30  16 -14
-30  20 -10
 10   0  10
 -6   0   2
 54   8  14
-42   0  26
  6  36  30
 34 -48  38
-30 -52  42
 34  24 -10
-30  24  -2
 54  12  14
-42   4  30
  2  32  38
 38 -52  46
-26 -72  30


//Tsoi_2016:1
//Subjects=18
  0  -88  -8
 12  -97  16
  3   41  37
 48  -52  37
-45  -58  28
-12 -103  13
-39   23  40
 36  -70 -29
-27   20 -14
-39   47  -5
  9 -100  16
 51  -46  34
 36   26 -14
 36   59  -2
 -9 -103  16
-51  -55  31
  3   32  37
 30  -73 -17
  3  -67  43
 48  -52  40
 51  -46  34
 60  -49  28
  0   32  28
  3   32  67
  3   35  52
 12 -100  16
  3  -88  -5
-27   56  19
-15   56 -11
-42   44 -14
-51  -61  37
-45  -55  31
-48  -58  46
-27   20 -11
 33   56  -8
 36   56  10
 21   56   7
 39   23 -11
 30   23 -20
 21   59  19
-24  -97  19
-42   20  40
-36   23  31
-36   11  34
  6  -67  46


//vandenBos_2007:1
//Subjects=19
 60 -3 -32
-58  7 -31


//VanHoorn_2016:1
//Subjects=61
-63  -9 -12
 63  -9  -9
  0 -54  36
 48 -51  27
-48 -51  30
-48  30  -6
-33 -15 -18
-27  -9   0
 24 -15  -6
 66 -27  -3
-63 -24   6
-36 -39  15
-12 -48   3
-51 -63  33
 48 -63  42
 36  24  45
 39 -48 -18
 21  -6 -15
 57  -6 -15
 48  12  30
-18  -9 -15
 33  33  -9
-54  -9  -9
-48 -48  15
-39  12  30
 39 -48 -18
 21  -6  -1
-18  -9 -15
 54  18  33
 39 -12 -27
  6  48  27
-21 -30  -3
-27 -57  48
-39  15  30


//Vanlangendonck_2018:1
//Subjects=40
 16  22  60
 18  30  54
  8  24  60
 -8  46  24
-12  26  40
  6  44  24
-34  20  -8
-38  22 -16
-40  32 -10
 22  66   6
 40  24 -10
 32  20  -6
 18  20  60
 20   6  64
 18  28  58
-42 -80   6
-36 -86  12
-20 -96  18
 42 -28  42
 44 -42  54
 38 -20  44
-14 -64  14
-12 -58   8
 -8 -34  50
  6 -64  10
 10 -56  12
 48 -60  -6
 40 -68  -6
 40 -78  22


//Wagner_2015:1
//Subjects=26
  9   5  -2
 -9  32 -11
-18  32  19
 15  32  19
 -3  59  -5
-18  59  22
-33  26  43
-18  35  49
-24  35  40
  0 -55  31
  6 -49  37
 -3 -61  49
-51 -61  40
 33 -82 -32


//Wang_2019:1
//Subjects=24
24 -52 -26
42  44  25
18  -7  16
24 -25  -5


//Warnell_2018:1
//Subjects=24
  0   6 -12
  0  48   6
 32  14 -16
 50 -18 -10
-54   6 -18
  2  48 -12
-42  24 -12
 50 -54  24
-30  12 -18
 54  14 -18
-64 -10 -18
 14  -4 -16
  0   6 -12
  0  44   6
  4  42  -6
 30  14 -18
-28  12 -22
-52   8 -22
 50 -54  24
 50  12 -28


//Wilbers_2012:1
//Subjects=30
-18  16 46
-32 -68 10
-16  18 22
 42 -86 -6
 16 -98 -2
 22 -78 46
 12 -80 48
 38 -68 36
 16 -60  6
-18  16 46
-16  20 22
-32 -68 10
 22 -78 46
 12 -80 48
 28 -78 40
 42 -86 -6
 16 -60  4


//Xie_2020:1
//Subjects=36
 14 -60 28
 46 -66 50
 -8  22 -6
 68 -34 -2
-34  12 10
-48 -72 42
 24  28 52
 12 -82 10


//Yoo_2020:1
//Subjects=19
-62 -42  18
-60 -36  34
-52 -44   8
-10  12  34
  6  16  40
 -6   2  66
  8  26  26
 50  14  -8
 44   8  -2
-50  14 -10
-14   0   8
-42   8   0
 64 -38  30
 44 -82   0
-46  -2  42
-48   4  50
 50   4  50
 38   3  36
-28  50  18
-30 -64 -26
-16 -88  40
-34 -92  14
 26  56  20
 34  54  26


//Yoshie_2016:1
//Subjects=21
 50 -31  -2
-50  -6 -15
-54 -22  -3
 53 -24  -5
 -9 -72  -6


//Yoshioka_2021:1
//Subjects=44
 52 -38   6
 58 -24   4
 46 -56   4
 50 -60  -4
 38 -58   4
 34  24  -8
 48  22  -4
 16 -78  40
 18 -80  48
 54 -43  29
 48  20   5
 39  20  -1
 30  14 -13
  9  26  59
  6  26  50
  6  41  35
  9  59  29
 30  20 -12
 52 -16  -8
-62 -44  14
-56 -18  -4
-56  -6  -8
-28  20  -8
 60 -38  12
 56  -6 -10
 50 -40  14
-60 -34  10
  2  14  52
-48 -30   6
-10   4   8
-40   2  44
 -4  14  62
-40  22  -2
 44  22  -4
 -6 -28  -4
  8 -26  -4
 36  26   2
  6  46  32
 52   8 -22
 10   4   8
-38 -36  18
 -6  32  26
  8  34  24
 50  24   6
 -6 -50  50
 46  20  26
 46   6  46
-18  -8 -10
-52  20  26
-52  26  32
-44  18  20
-16 -72  30
-52  22  14
-38  16  26
-24  -2  54
  4 -16   8
  6  -4  60
  8  40   4
 20  -6 -12
 12  -6  66
-26 -58  -4
 20 -70  18
 12 -74  28
 -6 -18  50
-56 -58  36
 -6  36  56
 -2 -60  40
 54 -56  44
 10 -30  56
 -6 -70  38
 20 -40  -8
  6 -16  50
 28  -6  50
 38 -12  50
-50 -64  42
 22 -48  -6
 16 -16  68
-22 -66  12
-10 -56  34
-20  24  62
-12 -18  68
-14 -76  16
 28 -16 -12
  8 -52  36
-20  54  36
-10 -40  56
 -6 -30  54
-40 -54 -16
  6 -56  48
 38  18  56
 50 -64  44
 12 -52  52
-36 -60  42
 24 -68   6
-40 -32  48
 22  10  48
  2   4  -8
  0 -24 -20
 14 -28  38
 28  -4  58
 14 -40  58
 32 -28 -10
 36 -62 -10
 46 -20  50
 -8 -68   2
 16 -70  42
  8 -46  22
 10  16  -6
-38 -48  48
-26 -26 -10
 -6 -12 -10
-26 -64  46
 14 -62  38
 34 -32  54
-34 -40  40
 24  44  32
 44  38  36
  4  28  -8
-60 -42  42
 36  44  36
-42 -38  40
 44 -26  40
-28 -46  56
 38  22  48
 -8 -88  10
 20  54  26
-52 -36  44
-56 -46  48
 24 -52   4
 22 -64  -2
-30  26  56
 -6 -36  24
 24  32  46
 -2 -20  28
 30  10  64
-16 -38 -10
 40 -50 -14
 -6 -28  28
-32 -20 -16
 36 -30  42
-34 -54  32
 30 -60   0
 24 -20  62
-30 -78  -8
 -4 -36 -38
  2 -56 -36
 -2 -20 -36
-10 -56 -52
 18 -74 -26
 18 -82 -40
 34 -50 -36
 22 -68 -50
 26 -80 -42
 32 -58 -28
 40 -60 -32
 12 -64 -48
  8 -76 -20
-24 -82 -38
-12 -80 -42
-18 -78 -30
-32 -80 -38
 -4 -82 -30
 30  20 -12
-60 -42  12
 50 -18  -8
-58 -20  -4
 50 -40  14
 60 -40  14
 56 -16   2
-60 -34  10
-30  22  -8
  2  16  52
 -6 -52  50
-40   2  44
 44  22  -4
 -6 -28  -4
-24  -4  52
-54  -4  -8
 -4  14  62
 50 -30   6
-42  20  -4
-32  -2  54
-16 -76  36
-48 -30   6
-10   2  10
 26  -6  50
 -4  30  28
-22 -70  -4
 12  14  60
-26 -58  -4
 10 -24  -6
 36  22   2
 46   6  42
 12 -74  28
-42 -36  20
 20 -70  18
 10 -54  52
  8  32  24
 10   2  10
 22 -62  22
-12 -66  50
 20 -68  -4
-10 -70   2
 18 -72  50
  6 -32  -8
 22 -52  -4
-14  -6  -6
-12  -2  62
-42 -50  20
  4  46  30
-42 -38  10
-48  26  36
 48  18   6
-20 -66  16
-22 -68   8
-10 -76  12
-10 -78   0
 10 -82  22
 52   8 -22
-10 -86   6
 20 -78  36
  8  36  50
-36 -48  52
 18  -6  64
  6 -64  46
 62 -50  34
 12 -76  -2
-32  18   6
 46  20  26
 -4 -66  42
-28 -48  54
 30  10  64
 42 -28  38
 -6 -92  22
 34 -48 -36
 36 -40  42
-52 -54  34
-22 -50  60
 18 -90  22
 16 -16  68
-16 -86  22
-40 -52  44
 16  -6  -8
 38 -60  18
-40 -38  44
 -8  12  -6
  4 -80   8
 38 -56 -40
-52  22  12
 20 -74 -24
-32 -54  40
-30 -58  58
 34 -58 -30
 52 -56  44
-18  26  62
  8 -18  10
-54  20  24
-54  12  20
-12 -14  14
-48 -46  38
 42 -80  30
-40  18  20
-58 -48  36
 42  38  36
 38 -12  50
 38  22  48
-38 -84  26
 42 -82  22
-12 -18  68
 -4 -18  52
-38  18  32
-40  26  22
-56 -40  44
 42 -30  52
 26 -50  60
 22 -68 -50
 48 -48  38
-34 -74  24
 34 -44  56
 26 -80 -42
-50   8  28
 18 -84 -36
 34 -70 -50
 28 -88  32
 56  24  24
-10 -40  58
  8  40  -2
 18 -74 -16
 14 -74 -42
 40 -62  54
-28 -86  32
 42 -58  42
 40  30  42
 46 -20  50
-30 -70  40
 32 -54  42
 36 -26  -6
 38  34  24
 10 -84 -38
 10  12  -4
-46 -68  18
 10 -14  46
 38 -58   6
 40 -78  14
 36 -68  40
-30 -56 -30
-12 -76 -22
 30  20 -12
 52 -16  -8
-62 -42  14
 50 -40  14
 60 -40  14
-56  -6  -8
-58 -20  -4
 56  -6 -10
 56 -14   0
-24  -6  52
 28  -8  52
 -6 -28  -4
 52   8 -22
-24 -70  -4
-30  22  -8
 50 -30   6
 -6   8  62
  8   6  58
-40   2  44
 14  -6  62
 -6 -50  50
-48 -30   6
-26 -58  -4
-40 -34  22
-38 -10  50
 -6  -4  60
 46  24  -2
  6  46  32
 20 -66  18
-16 -72  30
  8 -26  -4
-14   2  60
 22 -70  -2
-20 -66  16
-32  26   4
 22 -50  -6
 42 -24  20
 32  26   4
 50  26   8
 -6 -18  56
  8  22  56
 22 -40  -8
 46   6  42
 -8   2  12
 20 -58  -4
 18 -72  26
 16 -18  68
 12 -52  52
  8 -22  54
 42  20  26
  8 -30  58
 20 -78  36
  8   6  10
 38 -60  18
-28 -46  56
 42 -26  40
-14 -80   0
 46  24  18
-10 -70   2
 62 -48  36
 -4 -30  54
-16  -6  -8
 36 -32  48
 10  32  26
  4  50  18
 -8  28  28
-20 -86  20
 10  46  -2
 10  40  12
-12 -20  68
-12 -74  12
-12 -88   6
 30  40  28
-10 -24  44
-22 -50  60
-40 -72   6
 10 -52  24
 28 -46  60
 14 -28  40
  8  36  50
 18 -90  22
-12 -66  50
-10 -96  20
-18  44  28
 12  20  34
 -8 -82  20
-26  40  28
-38 -40  50
-40  18  20
 -8  -2  -2
-34 -42 -14
 54 -56  44
-48  26  38
 -4 -58  36
-10  38  14
 20 -56  58
-44 -26  42
 18  -6 -10
-56  18  26
  6  52   4
 30 -22 -12
 10  -2   2
 34  24  36
-38 -52 -14
  0 -10  -2
-56  16  16
 42 -62   4
-36 -76  24
 20   0   8
-60 -46  38
-24 -20  56
-30  32  32
 20  26  40
 38 -56 -12
 56  24  26
  8 -52  36
 36  44  36
-22  50  18
 20  54  26
-52  10  26
 26  -6 -16
 14 -24  10
 -4  32  -4
-16 -28  68
 50 -64  44
-38 -84  24
-52   6  34
-44 -24  52
 18 -82   8
 26   8  12
 40  30  42
 -4 -38 -38
  0 -20 -36
 30  20 -12
-28  20 -10
 50 -16  -6
-56 -18  -4
-62 -44  14
-56 -44   8
 56 -24  -4
-10   4   8
 56 -20   4
-56  -6  -8
  2  18  52
 60 -36  10
 56  -6 -10
-60 -36   8
 12   2   8
 44  20  -6
-50 -28   6
 -6  32  20
 50 -32   8
-38   4  44
 -4  30  28
  6  34  22
  8 -26  -6
-50  18  26
 52 -44  20
-18  -8 -12
 -6 -28  -4
 64 -48  22
  4 -14   8
-40   6  56
-38 -36  14
  4  44  34
 48  22  22
 52   8 -18
 -6  36  56
 50  24   6
 20  -6 -14
 46   6  46
  8  10  -6
-34 -62  42
  8  40   4
 36  18  56
-50 -64  42
-56 -60  32
 50  14  46
-26  26  58
 28 -14 -10
-14  18 -12
-20  20  64
 46  38  32
  0 -24 -20
-34  22  56
-30  10  64
 16  34 -18
 52 -60  46
 -2  10  26
-36 -48  40
 44 -54  38
-52 -36  44
-44 -40  38
  6  26 -10
 42 -62  54
 24  40 -14
 32 -60  40
  6 -10  56
 56 -48  48
-34 -72  52
 -6  56   6
-22 -28  -8
-42  44  26
-26 -96  -6
 28 -96  -4
 34 -90  16
 22 -80 -44
-26 -82 -42
-12 -82 -42
 20 -74 -24
 40 -60 -38
 32 -62 -28
-18 -86 -36
-34 -78 -42
 42 -74 -40
 38 -52 -38
 16 -84 -32
 -4 -82 -34
 36 -72 -48
  6 -78 -20
 16 -76 -36
 22 -70 -48
-16 -78 -26
-10 -86 -26
 -2 -82 -26
 -6 -70  38
 -6 -50  50
-10 -54  38
-12 -52  30
  4 -58  38
 14 -48  36
 12 -62  38
  2 -56 -36
  6 -62 -50
 -4 -64 -46
-20  56  34
-32  62   8
-40  56   8
-32  58  18
-26  56   0
 -4 -28  32
 -2 -20  28
 -2 -32  22
 -6 -18  44
 30  20 -12
 52 -16  -8
-58 -10  -6
 56  -6 -10
-62 -44  14
-28  20  -8
 60 -36  10
-60 -32   8
 50 -40  14
-50 -28   6
  6  46  32
-10   4   8
 50 -28   6
 52  10 -22
 -4  12  60
-40  22  -2
  8 -28  -6
 -4  10  50
  6  12  58
-40   2  44
 44  24  -4
 10   4   8
 -6 -28  -4
-36 -36  16
-52  20  26
 46  20  26
 38 -30  12
-20  -8 -12
 48  24  18
 52  26   8
 -8  30  24
-42  14  24
 24  -8 -14
 -6  22  32
  8  34  24
  8  40   4
  6 -12  58
  4 -16   8
 46   6  46
 10  40  14
 -6 -18  44
  8  24  28
 -6  38  56
 -6 -50  50
 -6 -16  54
  6 -52 -38
 -4 -50 -38
  8 -50  36
 50  14  46
 10 -18  44
 10 -28  54
 12  -6  66
-54 -62  36
 18 -74 -28
  2 -34 -40
-18  50  42
 18 -82 -34
 -6 -54  34
 16 -78 -42
-38 -52 -16
-24 -30 -10
 -2 -60  40
-22  54  34
 34 -50 -16
 -6 -30  54
-48 -66  44
  2 -24 -22
 -2  30  -8
 -4 -10  -2
 32 -28 -12
 36 -62 -10
  6  26 -12
-52  38   8
-14 -16  68
-30  48  28
-10 -40  54
 22 -68 -50
-14 -70  28
-30   2 -14
-10 -46  28
-30 -20 -16
 -6 -60 -46
 34 -52 -36
 22 -38  -6
  8  18  -8
  8 -60 -50
-32 -62 -12
 -2  10  26
  8 -46  22
 14 -40  58
 40 -14  50
 32 -30  54
  8 -24  36
-22  46  30
-24  26  60
  0 -20 -36
 46 -22  48
-10  58  34
 24  42  32
 24  32  46
 28 -76 -38
 26 -40 -28
 -8  20 -12
 14 -16  68
-30  46  38
 32 -62 -28
 28  50  36
 42 -56 -38
  4 -52 -10
-34 -62  42
 56 -48  48
 38  18  56
 -2 -44 -12
 20  58  28
 -8 -54 -14
  0 -34  24
 28 -20  60
-24 -46 -20
-16 -30  66
  0 -52 -18
 36  44  36
 12 -72  30
  0 -20  26
-32  58  18
 28 -32 -18
 14 -40 -18
-48 -22  26
 38  24  50
 40 -28  54
 28  22  60
-14 -32  58
 46  36  36
 16 -44  22
  2 -60 -22
-26 -94  -8
 28 -94  -4
 30 -96   4
-20 -80 -34
-14 -82 -40
 -8 -84 -34
-34 -78 -42
-38 -30  48
-52 -36  44


//Zimmermann_2019:1
//Subjects=24
-54 -22 20
-42 -22 20
-39  -1 11
-66 -22 26
-48   2  5
-42   8 -4
-12   5 -1
 -3  23 23
 -3  14 35
 57 -19 20
 57 -40 14
 54 -34 26
-48 -64  8
 45  11 -1
 39   8  5
 15   5 -4

