//Reference=MNI
//Abu-Akel_2020:1
//Subjects=24
54 -62 16
10  48 30


//Alkire_2018:1
//Subjects=28
 10 -73  11
-31 -19  -9
-12  39  18
 48  16 -29
 10   5  -1
-41  17 -16
-12 -48  25
 25  -7 -20
-12  17  10
 10   9  12
 18 -46  -2
 -6  -4   9
-50 -56  -9
 33 -73  38
 52  12  32
 18 -37 -13
  4  45  11
 -5  10   0
 40 -77  -3
 59 -17 -18
  4  44 -15
 46 -38   2
 14  35  50
 50 -67  34
 -1 -79  38
 42  26  -4
 61 -56  18
-37 -71  40
 20 -73 -32
-16 -92 -30
 52  12  32
  3 -51 -39
 42  26  -4
-14 -98   4
-12  56  30
-12  39  21
 -5  33  -2
-20 -34 -14
  8 -71  11
 20 -48  -2
 -9 -48  25
-35  22 -25
-39  25   3
-50  16 -24
-26   5 -13
-41 -64  27
-39 -50  31
 50  18 -29
 25  12 -16
 29  -5 -22
-12  16   9
 -6  -3   6
  8   8  13
 -7   8 -11
  5   8  -9
 46  14  23
 20 -75 -32
 31 -77   9
-29   4  45
-58 -23 -16
 54 -38   2
-11 -71 -30
-63 -50   2
-47 -53  -8
 44  24  -2
 44 -56  27
 18 -38 -14
 35 -38 -18
  8 -51 -39
 16 -71  11
 14 -38  -2
-14 -36  -5
 -7  62  14
 20 -73 -30
-37 -71  40
-12 -46  25
-50 -54  -9
 20  -9  -9
-26 -19  -9
  3 -55 -41
  1 -77  31
-26 -75 -37


//Anders_2015:1
//Subjects=18
  6 -54  15
-42 -63  18
  9  39  51
-48   3 -36
 45   6 -36
 -9  45  30


//Berns_2005:1
//Subjects=32
-18 -90   9
 24 -87   9
 24 -69  36
 18 -57  48
 15  -3 -18
  6  12   3
 48 -48  27
 54  24   9
-54  21   9
 42  33 -15
-36  27 -18
 12  45  54
 -9  42  30
  9  54   3
 60 -33  -3
-51 -51   3


//Brune_2013:1
//Subjects=29
 18  17 -2
-15 -19 10
  3 -25 31
 39  17  1
-36  17  1
 15 -85  1
-12 -88  4
 54   8 25
-48   5 31
 -3   5 58
-48 -34 49
-45  -1 46


//Chaminade_2015:1
//Subjects=10
55 -51  22
12 -57  45
57 -27 -11
 4  42  31
27  27  36


//Chaminade_2012:1
//Subjects=18
-24  10 62
 -8 -64 52
-46 -44 50
-34   4 44
-46  16 42
-30 -70 38
  4  42 34
 56 -54 28
  6  -2  6
 56 -52 16


//Delgado_2008:1
//Subjects=17
  8 -63 51
-46 -38 45
 14 -72 46


//Edmiston_2015:1
//Subjects=16
-39 -31  55
 54  32  28
-36  44  13
-27  11   4
 24 -67 -50
 27  -7  13
 18 -70  40
-12 -13  52
 -6  26  52
 33 -58  -5
-36 -55  52
-48 -31  58
 -9   5  34
 48 -52  55
 33 -58 -32


//Elliott_2006:1
//Subjects=12
 -5  59  21
  4  58  18
-50 -59  37
 53  18 -25
-59 -33  -7
 -2 -56  35
  8 -64  42
-21  46  45
  5  27  65


//Fareri_2014:1
//Subjects=18
 49 -57 -23
 32  33 -25
 -4  33 -25
 -7  20 -23
-39  20 -23
 -7  50 -16
 -7  54  -3
 -3  30   9
  0  53  17
-51 -62  29
  4 -55  31
 42 -44 -24
 23 -55   4
-19 -64   5


//Fareri_2015:1
//Subjects=26
 26 -59  -9
 13  19  -3
  0  62   6
-20   8 -12
 72 -15  16
 42  56   9
  7 -95  15


//Fareri_2012:1
//Subjects=20
 -9  44  28
 -3 -62  32
 43 -59  27
 59 -43  22
 46 -66  21
-48 -63  23
 55  -5 -22
-10  45   5
 39 -54  13
-16  13   1
 10   9  -2
 52 -23  -7
  0   2  -8
  3  63 -14
-42  21  -9
-36  11 -12
 26  11 -20
-65 -15 -15
-62  -5 -16
 39 -57 -20
 32  23 -31
-46 -48 -26


//Fukui_2006:1
//Subjects=16
 -7  51 30
-60 -50 33


//Gallagher_2002:1
//Subjects=9
 10  60   3
-10  58  23
 -1  52   6
 42  25 -30
 33 -87 -30
-27 -86 -25


//Hu_2018:1
//Subjects=50
-48   4 -10
 52 -50  14
 56 -40  50
-40   6  26
-40 -84  -8
 46  30  20
-32 -56  44
 -6   8  56
 42 -84  -6
 38 -54  44
 48 -44 -16
 -6 -50  28


//Kircher_2009:1
//Subjects=12
 35  21 -16
 56  23  25
 53  31  19
 61 -40  50
 49 -48  55
 45 -49  48
-28 -53  54
-42 -39  39
-28 -60  67
  6  61  32
  5  39  -6
  5  61   3
 14 -27  -1
  5 -23  -1
 -8 -20  -9
  5   3 -21
-25 -94 -21
-38 -85 -21


//Krach_2009_Study1:1
//Subjects=12
  4  52  38
  4  35   2
  4  55  12
 12 -27   1
  4 -23   1
 -8 -20  -6
  4   3 -14
-28 -75 -20
-24 -87 -23
-36 -79 -23
 -8 -52 -31
 59 -16 -16
 44 -71 -17
  4  30  50
  0  32  21


//Krach_2009_Study2:1
//Subjects=12
 12  59  23
 16  56  34
 -4  51  20
 59 -53  21
 51 -61  25
-32 -79 -30
 -8 -45  35
  0 -49  36
 -8 -44  43


//Krach_2008:1
//Subjects=20
 36 -58  43
 53 -52  39
 53 -41  35
 38  50  20
 34  57  10
 24  59  19
  2  38  29
  4  31  41
  8  55  41
-36  46 -14
  6 -71  51
 10 -68  42
-34  58   3
-34  49   5
  4  30  57
-34  21 -11
 53  19 -13
 20  22  58
 28  18  54
-46  42  18
 55 -53  21
 51 -66  35
  8  45  29


//Ozdem_2017:1
//Subjects=21
 56 -22 10
-44 -32 10
  8 -80 26
 26 -50 64
 58 -12 50


//Pfeiffer_2014:1
//Subjects=20
  8   4 -10
 -6  10  -8
  4  48 -16
 -8  42 -12
 10   4 -10
  6  22 -10
 24  20   0
 -8  32   6
 10  28  16
-10   2  -2
 -8  16   2
 -8  28 -12
 -6  -6 -16
  6 -24 -18
 -6 -20 -18
-12   6  -6
-10  18   2
-18  18  -8
-22  14  16


//Polosan_2011:1
//Subjects=14
 -6  56  -6
 -5  59  21
 56  37  -5
 -6  57  -1
-47  13  15
 69 -25  17
 36 -17 -27
 34 -88  -4
-31 -73  -8
-28 -44  -8


//Riedl_2014:1
//Subjects=18
 -8  26  14
-38 -66  24
 12 -54  44
 30  20 -28
-16 -54  38
 -8  66 -12
 -8  44  28
 -8  42 -28


//Rilling_2008:1
//Subjects=20
  2  35  39
 27  62  17
-31  62  -1
-31   3  62
 48  17  43
-69 -26  -5
 51 -53  38
-48 -62  44
  0 -58  49
  6 -80   1
-33  20 -14
 33  21 -14


//Rilling_2012:1
//Subjects=86
  4  51 -15
  1  26  -3
 63 -11  44
-64  -8  42
 27  16 -16
  7  -6 -10
  7  36   0
 -8 -41  34
-44 -29  -7
 56  -1 -21
 34 -16  28
 14  64  17
 -2  58 -12
-21 -20  53
-67 -17 -11
-12 -23 -11
  1 -70 -38
-27  29  58
 11  57  18
-27 -75  51
-60  22  26
-64 -40  45
-61 -46 -11


//Rilling_2004:1
//Subjects=19
 61 -10 -19
 53 -54  30
  0 -84   4
 10 -11  -8
 23  35  42
  4  50  13
  1 -57  39
  1  -9   5
-16 -26  -4
-23  17  -9
 52  29  19
 58 -60  17
 44 -62 -15
 46  11  33
 45 -54  36
 33  25 -17
 35   3  61
  4 -58  33
  9  54 -19
 13   4   8
-16 -70 -23
-40 -53 -18
-45  15  36


//Schindler_2019:1
//Subjects=28
  0  44  44
 -6  40  -8
  8  10  -4
-30  16 -16
 -6 -62  32
 36  26 -14
  2  52  18
  6  48  10
-40  24 -14
-14 -46  36


//Schuwerk_2017:1
//Subjects=23
 24  46 12
  6  32 16
-12  32 16
-12 -66 24
 10 -68 38


//Sun_2016:1
//Subjects=25
 45 -49 -17
-42 -64 -17
  9  44 -14
  6 -88  -5
 -9  50  37
  0 -55  31


//Takahashi_2015:1
//Subjects=17
 26 -76 -26
-20 -80 -28
 10  50  38
-32  18 -10
 -2  28  56
-12  -6   4
-18  14  16
 18  12  16
 38  26  38
  0 -58  42
-40  20  42
 64 -24  -6
 42  26 -16
-46 -56  22
 50 -64  26


//Takahashi_2014:1
//Subjects=16
  6  60  20
 46 -56  20
-14 -30  -4
-40 -58  24
 -8 -52  36
 58 -46   0
 36  20 -32


//vandenBos_2007:1
//Subjects=19
 60 -3 -32
-58  7 -31


//Warnell_2018:1
//Subjects=24
  0   6 -12
  0  48   6
 32  14 -16
 50 -18 -10
-54   6 -18
  2  48 -12
-42  24 -12
 50 -54  24
-30  12 -18
 54  14 -18
-64 -10 -18
 14  -4 -16
  0   6 -12
  0  44   6
  4  42  -6
 30  14 -18
-28  12 -22
-52   8 -22
 50 -54  24
 50  12 -28

