//Reference=MNI
//Assaf_2013:1
//Subjects=27
-54 -60   9
 57 -48  12
-39  10 -30
 36  10 -39
 45 -45 -18
  0  42  12
  9 -45  39
 51  15  36
-21   9 -15
 15  12  -6


//Caruana_2015:1
//Subjects=13
 34  52   0
 24  52  26
-26  44  14
  3  42  36
-34  22   2
 48  22  18
 46  24   8
 42   8  44
 52 -22 -14
 52 -44  24
-60 -48  14
 52 -44  24
-52 -48  34
  4 -62  58
 16  -6 -10
 38  52   0
 38  36  34
 34  54  16
-26   4  58
-40  56   4
  8  44  48
 42  26  -6
 54  22  26
-22   6  60
  4  40  12
 10  18  32
 -6  -6  32
 40   6  48
-30  -2  58
 40 -52 -14
 48 -72  -2
-46 -44   6
 56 -42  22
-52 -46  18
 56 -40  40
 38 -60 -12
  8 -40  14
 10 -62  51
  4 -84  24
  0 -96  -2
-22 -66  -4
 18 -82  32
-46 -74   0
 12 -12   6
-30 -70 -28


//Chauvigne_2018b:1
//Subjects=18
  4  54  21
 43  18  11
 47  -4  13
 -9  51 -15
 43  19 -19
-50 -30  54
 50 -23  55
 50 -26  18
-11 -27  50
-54 -24  17
 56 -62   8
 53 -64  -8
 57 -45  27
 44 -55  18
 -2  15  12
 14 -15  -2
 37  -6 -10
 46 -72 -21
 17 -56 -18
 47 -29  62
-50 -30  51
  2 -17  49
 50 -32  22


//Fareri_2015:1
//Subjects=26
 26 -59  -9
 13  19  -3
  0  62   6
-20   8 -12
 72 -15  16
 42  56   9
  7 -95  15


//FeldmanHall_2012:1
//Subjects=14
 14  38  28
-26  -2 -26
 28  -8 -28
 28 -64 -10
-44 -74   0
 46 -68   2
 54  22   6
 46 -18  62
-30  10 -18
 26  10 -18
 16  40  26
 10 -12  10
 28  32  -8
 52 -58   4
-52 -68   4
 50  18  10
 38  24  -6
-28  12 -18
-33  20  -6
  8  32  44


//Fett_2019:1
//Subjects=47
  0  28  32
 -2  21  40
 -4  16  51
-37  48   1
 10  34  22
 17  21  57
 43 -53  40
 45 -45  38
 49 -45  38
 60 -52  47
-25 -87 -10
-11 -89 -10
-37 -85  -8
-33 -81  -8
 40 -61  47
  6 -91  -7
 51  30  22
 48  36  18
 37  18  -8
 37  58  -1
 41  53  -7
 49  13  26
-41   3  29
-47   6  39
-51  24  21
-43  46  -1
-43  42   2
-41  17  17
  3  24  40
 -2  23  40
  7  36  32
  6  24  32
-10  24  34
 -6  32  22
  0  20  41
  8  32  22
 14  12  60
-15 -89 -10
-11 -89  -8
 41 -59  49
 24 -91  -6
-27 -92  11
 10 -93  -7
 47  10  24
 48  38  18
 43  36  14
 31  17  55
 51  24  24
 43  53  -2
-35 -58  48
-38 -49  46
-47 -42  45
-26 -71  32
-39   5  29
-47  13  22
-55  22  26
-49   8  48
-42  10  35
-55  32  22


//Hallam_2014:1
//Subjects=20
-38  16  14
 -4  11  57
 50  -7 -28
 48  -2 -34
  4  59  12
 16  59  17
 24  57  14
 14  44  18
 16  43   5
-10  38  17
-44 -13 -21
-44 -18 -16
  2  31  39
  4  23  38
 -4  25  14
-61 -48  12
-53 -44  13
-58 -45  26
 48  15  16
 51  17  -8
 57  18   1
 14  33  46
  4  59  10
  8  51   7
  8  49  14
 14 -24  18
-22  -4   7
-55  14   3
-14 -58  53
  4 -21   3
  2 -35  -3
-50  -7 -28
-46  -9 -18
  2  31  39
-40  20  14
 18  16  53
 36  16   0
-10  21  32
-57 -47  24
 34  27  37
 16  43   5


//Hu_2018:1
//Subjects=50
-48   4 -10
 52 -50  14
 56 -40  50
-40   6  26
-40 -84  -8
 46  30  20
-32 -56  44
 -6   8  56
 42 -84  -6
 38 -54  44
 48 -44 -16
 -6 -50  28


//Jensen_2014:1
//Subjects=18
 63 -46  10
-48 -46  10
 48  29   1
-15 -76 -38
 15   2  10
 48 -46  10
 48  29   1


//Kuhlen_2017:1
//Subjects=17
 24 59  -5
 24 38  -2
 15 53 -11
-48 50  -5
-54 47 -11
-57 41 -20


//Langavant_2011:1
//Subjects=10
58 -52 18
56 -60  4
46 -58 10
 2  28 62
 4  18 60
-2 -52 44


//Lemmers-Jansen_2020:1
//Subjects=30
 -3  26  40
-33  56   8
  2  43  23
  2 -80   0
  5  33  43
 55  18  30
-41   6  33
-46  48  -3
  5   6  28
 35  23  -3
-51 -35  -5
-31 -60  45
  7 -70  43
 20 -30  -3
-23 -32   0
 40 -77 -15
 -1  31  38
-43  48   3
 42  31  33
-41  26  30
 35  23 -13
-38  21  -8
 52 -37  53
-33 -62  45
 -8 -82 -10
 -6 -70  38
-11  13   0
  5  23  43
 45  38  20
-43   8  31
-31  -2  50
 35   3  50
 40  21  -8
-51 -35   0
-31 -57  48
 22 -30   3
-21 -27  -5


//Miyata_2021:1
//Subjects=32
 46  -24  -2
 56  -42  10
 60  -44  42
 60  -38  38
 52  -48  26
 66  -44  22
 56  -56  12
-52  -26   2
-48  -30   0
 10   12  72
-54  -48  40
-60  -50  30
-58  -48  22
-56  -50  28
-58  -54  28
-42  -58  20
-38  -54  22
-52  -60  20
 -6   48  28
 10   50  24
 30  -88 -20
 22  -80 -28
 50   20  -4
 52   22   0
 50   22  20
-26  -76 -20
-24  -90 -24
-20  -78 -34
  4   34  24
  2   26  32
 -6  -78  48
 -2  -66  60
  0  -74  52
 14  -68  46
-26   -4  14
-16    2  16
 -6   -4  68
-10   46  38
  6   -6  64
 24   -4  10
-54   -4  40
-56   -2  34
-58  -12  36
-58  -12  24
 -4  -18  34
  6  -20  34
 40  -78   0
 30  -96  10
 48  -60 -10
 42  -72  -6
 40  -92   4
 22 -102  16


//Nagy_2010:1
//Subjects=15
-54 -42  63
-56 -54  53
-61 -66  16
-41 -61  67
-54 -68  37
 -2 -50  61
 28 -59  59
 43  25  57
 58  21  39
 38  35  56
 36  37  49
 58  41  26
-21  58 -19
 27  29 -15
 27  33 -13
-40 -47 -13
-36 -40 -11
-66 -62   7
-68 -58   2
-57 -78   0
-54 -42  61
-56 -51  53
-52 -44  45
-57 -57  40
-64 -67  -1
-61 -71   1
-68 -59   0


//Noordzij_2009_Study1:1
//Subjects=24
 50 -42 14
  4  54 18
-52 -24 44
-38 -34 64


//Redcay_2010_Study1:1
//Subjects=16
  6  14  36
  2  36  14
  8   6  62
-40  14   4
 38  16   0
 54 -48  12
 60 -46  24
 38 -64   8
 48  12 -30
 38 -70  20
-48 -44  22
-46  16 -16
-48 -60   4
 10 -74 -12
-42 -56 -28
 20  -2 -18
 26 -16 -14
-18  18   4
-12  12  -4
 22   8 -10
-14  -8   6


//Redcay_2013:1
//Subjects=14
  0  -54  24
-54  -72   6
-10 -100   6
-42  -66  48
-62  -32  -8
 44  -64  14
 46  -42   6
  2   58  32
  6  -86 -12
 58  -50  50
  2   34  36
 60   16   4
-28   48  24
-46  -48  42
 -4  -42  48
 64  -30  26
 46  -46  14
  2  -74  42
 48   12  46
-48    8   0
  2    8  56
 50   26 -10
 50  -64  12


//Redcay_2012:1
//Subjects=32
 44   24 -16
 66  -46  16
 54  -48  50
-50  -56  12
-46  -50  52
 50   14  46
  2   20  64
-54    8   0
-16  -68   6
 52  -50  48
-12   -8  18
 40   26 -20
-38  -62  54
  2   58  28
 14  -72  18
 58  -50  16
-52  -68  30
-52  -66  18
  2  -50  28
-10  -98   2
 58  -68  14
 60  -52  14
-50   34 -12
 -2   60  34
  2   42  18
 46  -54 -26
 48   32 -16
-16 -102  12
-36   24 -34
  2   38 -18
  0   64  22
 54  -60  10
 54  -38   2
  4  -48  28
-50  -68  14
  2  -82  -2
-48  -70  44


//Riedl_2014:1
//Subjects=18
 -8  26  14
-38 -66  24
 12 -54  44
 30  20 -28
-16 -54  38
 -8  66 -12
 -8  44  28
 -8  42 -28


//Schippers_2009:1
//Subjects=24
 50 -68  -2
 28 -50  52
 56 -42  16
 48 -28  36
 34 -36  52
 60  18  28
-40  22 -22
-40 -26  64
-28 -54  66
 44 -20  54
-36 -14  62
  4   0  68
-46 -32  38
-52   6  10
-52 -62  -2
 66 -34  22
 26 -72  40
 32  46  28
 44 -68  -2
 26 -88  -8
-42 -68  -4
-44 -66  -2
 36 -44  60
 26 -26  -4
-48  14  22


//Sperduti_2014:1
//Subjects=23
-36 -24  62
 36 -24  62
-16 -52 -22
 20 -50 -20
-14 -20   8
 16 -20   8
 60 -32  24
-26  38  24
-36 -24  62
-36 -22  54
 36 -24  62
 16 -52  22
 20 -50 -20
 -2 -62 -16
 16 -18  10
 62 -32  24
-32  40  28
 30 -76  32


//Vanlangendonck_2018:1
//Subjects=40
 16  22  60
 18  30  54
  8  24  60
 -8  46  24
-12  26  40
  6  44  24
-34  20  -8
-38  22 -16
-40  32 -10
 22  66   6
 40  24 -10
 32  20  -6
 18  20  60
 20   6  64
 18  28  58
-42 -80   6
-36 -86  12
-20 -96  18
 42 -28  42
 44 -42  54
 38 -20  44
-14 -64  14
-12 -58   8
 -8 -34  50
  6 -64  10
 10 -56  12
 48 -60  -6
 40 -68  -6
 40 -78  22


//Warnell_2018:1
//Subjects=24
  0   6 -12
  0  48   6
 32  14 -16
 50 -18 -10
-54   6 -18
  2  48 -12
-42  24 -12
 50 -54  24
-30  12 -18
 54  14 -18
-64 -10 -18
 14  -4 -16
  0   6 -12
  0  44   6
  4  42  -6
 30  14 -18
-28  12 -22
-52   8 -22
 50 -54  24
 50  12 -28


//Wilbers_2012:1
//Subjects=30
-18  16 46
-32 -68 10
-16  18 22
 42 -86 -6
 16 -98 -2
 22 -78 46
 12 -80 48
 38 -68 36
 16 -60  6
-18  16 46
-16  20 22
-32 -68 10
 22 -78 46
 12 -80 48
 28 -78 40
 42 -86 -6
 16 -60  4


//Yoshioka_2021:1
//Subjects=44
 52 -38   6
 58 -24   4
 46 -56   4
 50 -60  -4
 38 -58   4
 34  24  -8
 48  22  -4
 16 -78  40
 18 -80  48
 54 -43  29
 48  20   5
 39  20  -1
 30  14 -13
  9  26  59
  6  26  50
  6  41  35
  9  59  29
 30  20 -12
 52 -16  -8
-62 -44  14
-56 -18  -4
-56  -6  -8
-28  20  -8
 60 -38  12
 56  -6 -10
 50 -40  14
-60 -34  10
  2  14  52
-48 -30   6
-10   4   8
-40   2  44
 -4  14  62
-40  22  -2
 44  22  -4
 -6 -28  -4
  8 -26  -4
 36  26   2
  6  46  32
 52   8 -22
 10   4   8
-38 -36  18
 -6  32  26
  8  34  24
 50  24   6
 -6 -50  50
 46  20  26
 46   6  46
-18  -8 -10
-52  20  26
-52  26  32
-44  18  20
-16 -72  30
-52  22  14
-38  16  26
-24  -2  54
  4 -16   8
  6  -4  60
  8  40   4
 20  -6 -12
 12  -6  66
-26 -58  -4
 20 -70  18
 12 -74  28
 -6 -18  50
-56 -58  36
 -6  36  56
 -2 -60  40
 54 -56  44
 10 -30  56
 -6 -70  38
 20 -40  -8
  6 -16  50
 28  -6  50
 38 -12  50
-50 -64  42
 22 -48  -6
 16 -16  68
-22 -66  12
-10 -56  34
-20  24  62
-12 -18  68
-14 -76  16
 28 -16 -12
  8 -52  36
-20  54  36
-10 -40  56
 -6 -30  54
-40 -54 -16
  6 -56  48
 38  18  56
 50 -64  44
 12 -52  52
-36 -60  42
 24 -68   6
-40 -32  48
 22  10  48
  2   4  -8
  0 -24 -20
 14 -28  38
 28  -4  58
 14 -40  58
 32 -28 -10
 36 -62 -10
 46 -20  50
 -8 -68   2
 16 -70  42
  8 -46  22
 10  16  -6
-38 -48  48
-26 -26 -10
 -6 -12 -10
-26 -64  46
 14 -62  38
 34 -32  54
-34 -40  40
 24  44  32
 44  38  36
  4  28  -8
-60 -42  42
 36  44  36
-42 -38  40
 44 -26  40
-28 -46  56
 38  22  48
 -8 -88  10
 20  54  26
-52 -36  44
-56 -46  48
 24 -52   4
 22 -64  -2
-30  26  56
 -6 -36  24
 24  32  46
 -2 -20  28
 30  10  64
-16 -38 -10
 40 -50 -14
 -6 -28  28
-32 -20 -16
 36 -30  42
-34 -54  32
 30 -60   0
 24 -20  62
-30 -78  -8
 -4 -36 -38
  2 -56 -36
 -2 -20 -36
-10 -56 -52
 18 -74 -26
 18 -82 -40
 34 -50 -36
 22 -68 -50
 26 -80 -42
 32 -58 -28
 40 -60 -32
 12 -64 -48
  8 -76 -20
-24 -82 -38
-12 -80 -42
-18 -78 -30
-32 -80 -38
 -4 -82 -30
 30  20 -12
-60 -42  12
 50 -18  -8
-58 -20  -4
 50 -40  14
 60 -40  14
 56 -16   2
-60 -34  10
-30  22  -8
  2  16  52
 -6 -52  50
-40   2  44
 44  22  -4
 -6 -28  -4
-24  -4  52
-54  -4  -8
 -4  14  62
 50 -30   6
-42  20  -4
-32  -2  54
-16 -76  36
-48 -30   6
-10   2  10
 26  -6  50
 -4  30  28
-22 -70  -4
 12  14  60
-26 -58  -4
 10 -24  -6
 36  22   2
 46   6  42
 12 -74  28
-42 -36  20
 20 -70  18
 10 -54  52
  8  32  24
 10   2  10
 22 -62  22
-12 -66  50
 20 -68  -4
-10 -70   2
 18 -72  50
  6 -32  -8
 22 -52  -4
-14  -6  -6
-12  -2  62
-42 -50  20
  4  46  30
-42 -38  10
-48  26  36
 48  18   6
-20 -66  16
-22 -68   8
-10 -76  12
-10 -78   0
 10 -82  22
 52   8 -22
-10 -86   6
 20 -78  36
  8  36  50
-36 -48  52
 18  -6  64
  6 -64  46
 62 -50  34
 12 -76  -2
-32  18   6
 46  20  26
 -4 -66  42
-28 -48  54
 30  10  64
 42 -28  38
 -6 -92  22
 34 -48 -36
 36 -40  42
-52 -54  34
-22 -50  60
 18 -90  22
 16 -16  68
-16 -86  22
-40 -52  44
 16  -6  -8
 38 -60  18
-40 -38  44
 -8  12  -6
  4 -80   8
 38 -56 -40
-52  22  12
 20 -74 -24
-32 -54  40
-30 -58  58
 34 -58 -30
 52 -56  44
-18  26  62
  8 -18  10
-54  20  24
-54  12  20
-12 -14  14
-48 -46  38
 42 -80  30
-40  18  20
-58 -48  36
 42  38  36
 38 -12  50
 38  22  48
-38 -84  26
 42 -82  22
-12 -18  68
 -4 -18  52
-38  18  32
-40  26  22
-56 -40  44
 42 -30  52
 26 -50  60
 22 -68 -50
 48 -48  38
-34 -74  24
 34 -44  56
 26 -80 -42
-50   8  28
 18 -84 -36
 34 -70 -50
 28 -88  32
 56  24  24
-10 -40  58
  8  40  -2
 18 -74 -16
 14 -74 -42
 40 -62  54
-28 -86  32
 42 -58  42
 40  30  42
 46 -20  50
-30 -70  40
 32 -54  42
 36 -26  -6
 38  34  24
 10 -84 -38
 10  12  -4
-46 -68  18
 10 -14  46
 38 -58   6
 40 -78  14
 36 -68  40
-30 -56 -30
-12 -76 -22
 30  20 -12
 52 -16  -8
-62 -42  14
 50 -40  14
 60 -40  14
-56  -6  -8
-58 -20  -4
 56  -6 -10
 56 -14   0
-24  -6  52
 28  -8  52
 -6 -28  -4
 52   8 -22
-24 -70  -4
-30  22  -8
 50 -30   6
 -6   8  62
  8   6  58
-40   2  44
 14  -6  62
 -6 -50  50
-48 -30   6
-26 -58  -4
-40 -34  22
-38 -10  50
 -6  -4  60
 46  24  -2
  6  46  32
 20 -66  18
-16 -72  30
  8 -26  -4
-14   2  60
 22 -70  -2
-20 -66  16
-32  26   4
 22 -50  -6
 42 -24  20
 32  26   4
 50  26   8
 -6 -18  56
  8  22  56
 22 -40  -8
 46   6  42
 -8   2  12
 20 -58  -4
 18 -72  26
 16 -18  68
 12 -52  52
  8 -22  54
 42  20  26
  8 -30  58
 20 -78  36
  8   6  10
 38 -60  18
-28 -46  56
 42 -26  40
-14 -80   0
 46  24  18
-10 -70   2
 62 -48  36
 -4 -30  54
-16  -6  -8
 36 -32  48
 10  32  26
  4  50  18
 -8  28  28
-20 -86  20
 10  46  -2
 10  40  12
-12 -20  68
-12 -74  12
-12 -88   6
 30  40  28
-10 -24  44
-22 -50  60
-40 -72   6
 10 -52  24
 28 -46  60
 14 -28  40
  8  36  50
 18 -90  22
-12 -66  50
-10 -96  20
-18  44  28
 12  20  34
 -8 -82  20
-26  40  28
-38 -40  50
-40  18  20
 -8  -2  -2
-34 -42 -14
 54 -56  44
-48  26  38
 -4 -58  36
-10  38  14
 20 -56  58
-44 -26  42
 18  -6 -10
-56  18  26
  6  52   4
 30 -22 -12
 10  -2   2
 34  24  36
-38 -52 -14
  0 -10  -2
-56  16  16
 42 -62   4
-36 -76  24
 20   0   8
-60 -46  38
-24 -20  56
-30  32  32
 20  26  40
 38 -56 -12
 56  24  26
  8 -52  36
 36  44  36
-22  50  18
 20  54  26
-52  10  26
 26  -6 -16
 14 -24  10
 -4  32  -4
-16 -28  68
 50 -64  44
-38 -84  24
-52   6  34
-44 -24  52
 18 -82   8
 26   8  12
 40  30  42
 -4 -38 -38
  0 -20 -36
 30  20 -12
-28  20 -10
 50 -16  -6
-56 -18  -4
-62 -44  14
-56 -44   8
 56 -24  -4
-10   4   8
 56 -20   4
-56  -6  -8
  2  18  52
 60 -36  10
 56  -6 -10
-60 -36   8
 12   2   8
 44  20  -6
-50 -28   6
 -6  32  20
 50 -32   8
-38   4  44
 -4  30  28
  6  34  22
  8 -26  -6
-50  18  26
 52 -44  20
-18  -8 -12
 -6 -28  -4
 64 -48  22
  4 -14   8
-40   6  56
-38 -36  14
  4  44  34
 48  22  22
 52   8 -18
 -6  36  56
 50  24   6
 20  -6 -14
 46   6  46
  8  10  -6
-34 -62  42
  8  40   4
 36  18  56
-50 -64  42
-56 -60  32
 50  14  46
-26  26  58
 28 -14 -10
-14  18 -12
-20  20  64
 46  38  32
  0 -24 -20
-34  22  56
-30  10  64
 16  34 -18
 52 -60  46
 -2  10  26
-36 -48  40
 44 -54  38
-52 -36  44
-44 -40  38
  6  26 -10
 42 -62  54
 24  40 -14
 32 -60  40
  6 -10  56
 56 -48  48
-34 -72  52
 -6  56   6
-22 -28  -8
-42  44  26
-26 -96  -6
 28 -96  -4
 34 -90  16
 22 -80 -44
-26 -82 -42
-12 -82 -42
 20 -74 -24
 40 -60 -38
 32 -62 -28
-18 -86 -36
-34 -78 -42
 42 -74 -40
 38 -52 -38
 16 -84 -32
 -4 -82 -34
 36 -72 -48
  6 -78 -20
 16 -76 -36
 22 -70 -48
-16 -78 -26
-10 -86 -26
 -2 -82 -26
 -6 -70  38
 -6 -50  50
-10 -54  38
-12 -52  30
  4 -58  38
 14 -48  36
 12 -62  38
  2 -56 -36
  6 -62 -50
 -4 -64 -46
-20  56  34
-32  62   8
-40  56   8
-32  58  18
-26  56   0
 -4 -28  32
 -2 -20  28
 -2 -32  22
 -6 -18  44
 30  20 -12
 52 -16  -8
-58 -10  -6
 56  -6 -10
-62 -44  14
-28  20  -8
 60 -36  10
-60 -32   8
 50 -40  14
-50 -28   6
  6  46  32
-10   4   8
 50 -28   6
 52  10 -22
 -4  12  60
-40  22  -2
  8 -28  -6
 -4  10  50
  6  12  58
-40   2  44
 44  24  -4
 10   4   8
 -6 -28  -4
-36 -36  16
-52  20  26
 46  20  26
 38 -30  12
-20  -8 -12
 48  24  18
 52  26   8
 -8  30  24
-42  14  24
 24  -8 -14
 -6  22  32
  8  34  24
  8  40   4
  6 -12  58
  4 -16   8
 46   6  46
 10  40  14
 -6 -18  44
  8  24  28
 -6  38  56
 -6 -50  50
 -6 -16  54
  6 -52 -38
 -4 -50 -38
  8 -50  36
 50  14  46
 10 -18  44
 10 -28  54
 12  -6  66
-54 -62  36
 18 -74 -28
  2 -34 -40
-18  50  42
 18 -82 -34
 -6 -54  34
 16 -78 -42
-38 -52 -16
-24 -30 -10
 -2 -60  40
-22  54  34
 34 -50 -16
 -6 -30  54
-48 -66  44
  2 -24 -22
 -2  30  -8
 -4 -10  -2
 32 -28 -12
 36 -62 -10
  6  26 -12
-52  38   8
-14 -16  68
-30  48  28
-10 -40  54
 22 -68 -50
-14 -70  28
-30   2 -14
-10 -46  28
-30 -20 -16
 -6 -60 -46
 34 -52 -36
 22 -38  -6
  8  18  -8
  8 -60 -50
-32 -62 -12
 -2  10  26
  8 -46  22
 14 -40  58
 40 -14  50
 32 -30  54
  8 -24  36
-22  46  30
-24  26  60
  0 -20 -36
 46 -22  48
-10  58  34
 24  42  32
 24  32  46
 28 -76 -38
 26 -40 -28
 -8  20 -12
 14 -16  68
-30  46  38
 32 -62 -28
 28  50  36
 42 -56 -38
  4 -52 -10
-34 -62  42
 56 -48  48
 38  18  56
 -2 -44 -12
 20  58  28
 -8 -54 -14
  0 -34  24
 28 -20  60
-24 -46 -20
-16 -30  66
  0 -52 -18
 36  44  36
 12 -72  30
  0 -20  26
-32  58  18
 28 -32 -18
 14 -40 -18
-48 -22  26
 38  24  50
 40 -28  54
 28  22  60
-14 -32  58
 46  36  36
 16 -44  22
  2 -60 -22
-26 -94  -8
 28 -94  -4
 30 -96   4
-20 -80 -34
-14 -82 -40
 -8 -84 -34
-34 -78 -42
-38 -30  48
-52 -36  44

