//Reference=MNI
//Assaf_2013:1
//Subjects=27
-54 -60   9
 57 -48  12
-39  10 -30
 36  10 -39
 45 -45 -18
  0  42  12
  9 -45  39
 51  15  36
-21   9 -15
 15  12  -6


//Bach_2019:1
//Subjects=21
-39  26 -14
 54  29   1
-39 -64 -17
-57 -34  -8
 12  -7  -2
 57 -25 -14
  9  44  31
  3 -49  22
-39  17  43
-51 -58  25
 30  17 -11
 57 -49  25
  9 -67  32
  3 -49  22
  3 -28  37


//Brandi_2021:1
//Subjects=33
 48 -44  18
 44 -62   2
-46 -62  14
-50 -70  38
-50 -60  46
  6 -58  30
 46   2  44
 34  20 -18
 40  20  18
 44  20  38
 34  12 -34
  4  56  20
  2  46  -2
  2  26  16
 20  40  38
  8  20  56
 -4  68   4
-22 -80 -38
-40  -2  48
 50   4 -34
 54   2 -22


//Caruana_2015:1
//Subjects=13
 34  52   0
 24  52  26
-26  44  14
  3  42  36
-34  22   2
 48  22  18
 46  24   8
 42   8  44
 52 -22 -14
 52 -44  24
-60 -48  14
 52 -44  24
-52 -48  34
  4 -62  58
 16  -6 -10
 38  52   0
 38  36  34
 34  54  16
-26   4  58
-40  56   4
  8  44  48
 42  26  -6
 54  22  26
-22   6  60
  4  40  12
 10  18  32
 -6  -6  32
 40   6  48
-30  -2  58
 40 -52 -14
 48 -72  -2
-46 -44   6
 56 -42  22
-52 -46  18
 56 -40  40
 38 -60 -12
  8 -40  14
 10 -62  51
  4 -84  24
  0 -96  -2
-22 -66  -4
 18 -82  32
-46 -74   0
 12 -12   6
-30 -70 -28


//Cavallo_2015:1
//Subjects=21
 54  21   4
 42  10   0
 63   7   7
  2  27  20
 19  -6  10
 31   7   4
 37  10   4
 19  -7  -4
 23  -1   5
-43  20   5
-40   6   2
-55   0   8
  0  57  20
  1  -1  56
-28   5   5
-36   6   1
-19 -10  -3
-20 -11   8
 46  21   4
 42  13   3
 62   8   7
  6  27  20
 57 -40   7
 15  -1   8
 19   3   1
 38   4   1
 19   1   2
-44  20   5
-40   6   2
-52   0   6
 -1  57  20
  0  -2  57
-26  -6   8
-35   3   2
 49  21   7
 43  10   4
  2  27  20
 58 -40   8
 38   7   4
-46  20   8
-40   7   6
 -2  56  20
  0  -4  56
-33   7   5
 40 -84  -9
 29 -97   1
  0  57  20
-40 -83 -11
-27 -97   1


//deQuervain_2004:1
//Subjects=14
  6  22   4
 22 -24  10
  6  22   4
 22 -22  10
-28 -58  42
 60 -62 -22
 30 -78  50
  6  24   2
 22 -22  10
 58 -38 -32
 32 -72  48
  6  22   4
 16 -36 -36
 52 -76  -6
  6  22   4
  2  56  -8
 12  32 -32
  2  54  -4
  4  52 -16
-46 -36   8


//Dziura_2021:1
//Subjects=52
-10  42  48
  6  16  64
 -6  56  22
 -4  24  56
 -6  56 -22
 28 -72 -26
-32 -82 -28
-52 -64  -4
  4  46  18
 -6  54  16
 44  34  -8
-46 -56  28
-42  20 -32


//FeldmanHall_2012:1
//Subjects=14
 14  38  28
-26  -2 -26
 28  -8 -28
 28 -64 -10
-44 -74   0
 46 -68   2
 54  22   6
 46 -18  62
-30  10 -18
 26  10 -18
 16  40  26
 10 -12  10
 28  32  -8
 52 -58   4
-52 -68   4
 50  18  10
 38  24  -6
-28  12 -18
-33  20  -6
  8  32  44


//Guionnet_2012:1
//Subjects=23
-34 -24  60
-48   2  32
 34 -24  58
 -2  -8  56
-52   6  24
-60  10   6
-46   2   4
-36 -36  64
 40 -28  64
-46 -36  38
-24 -84  32
-22 -58  46
-50  10  -4
-18 -20   6
 16 -18  10
-18 -22  20
-18  -8  -2
-24  -6  18
 -2 -60 -18
-16 -50 -22
 18 -50 -18


//Hallam_2014:1
//Subjects=20
-38  16  14
 -4  11  57
 50  -7 -28
 48  -2 -34
  4  59  12
 16  59  17
 24  57  14
 14  44  18
 16  43   5
-10  38  17
-44 -13 -21
-44 -18 -16
  2  31  39
  4  23  38
 -4  25  14
-61 -48  12
-53 -44  13
-58 -45  26
 48  15  16
 51  17  -8
 57  18   1
 14  33  46
  4  59  10
  8  51   7
  8  49  14
 14 -24  18
-22  -4   7
-55  14   3
-14 -58  53
  4 -21   3
  2 -35  -3
-50  -7 -28
-46  -9 -18
  2  31  39
-40  20  14
 18  16  53
 36  16   0
-10  21  32
-57 -47  24
 34  27  37
 16  43   5


//Jasmin_2019:1
//Subjects=39
  4  37  42
-37  17 -30
-49 -62  36
 52  10  30
 26   3 -10
 -1  60  10
-37 -12  11
-14 -54   8
-46 -30  -2
-18  -3 -25
 42  19 -15
 39 -28  14
-20  24  47
 -1 -39  33
 46 -55  37
-24   0   3
 55 -30 -10


//Jensen_2014:1
//Subjects=18
 63 -46  10
-48 -46  10
 48  29   1
-15 -76 -38
 15   2  10
 48 -46  10
 48  29   1


//Koike_2019a:1
//Subjects=34
-40 -60 -30
-28 -46 -30
-28 -44 -44
-18 -60 -52
 -6 -54 -54
-14 -52 -52
  6 -56 -56
 12 -50 -50
 -8  10  50
-10  10  38
  6  12  40
 -8 -46 -22
  0 -56 -26
 14 -52 -30


//Koike_2019b:1
//Subjects=65
-36 -80  16
-12 -76  12
 18 -70  10
-28 -66 -26
-42 -64  10
-42 -62 -10
-28 -60 -26
 10 -24  10
 40   0  50
 42   2  54
 52  12   6
 42  20  -2
 50  22   2
-26  -8  52
-42   0 -14
-52   8  30
-58  12   6
-36  20  -2
  4  -4  30
 -4   0  34
  6  20  38
  6  28  36
  6  30  42
  6  36  24
  4 -34 -34
  8 -30 -24


//Kokal_2009:1
//Subjects=18
-28 -66 -14
-12 -94   2
 32 -88  12
-14 -96   6
-32 -86  -2
 22 -84  -6
-21 -80 -12
 30 -80  18
 10 -70 -10
 32 -72 -12
 34 -78  -8
 -2 -78 -12
 10 -60 -12
  8 -56  60
 24 -68 -14
-10 -70  52
  6 -62 -20
-26 -54  52
 46 -58  14
-18 -64 -20
 14 -70  54
-52 -56   8
-22 -32  -2
 10 -22  10
 -8 -18  14
 44 -32   2
-30  -2  46
-12  -2  -2
-36 -44  34
-38  16  18
 58 -42  16
 50 -48  -6
 36   4  48
-20  12  -6
 62 -40  12
 24 -92  16
 58 -38  10
 48 -58  14
 20 -94   2
  6 -20  10
 10 -26  12
 46 -38  12
  6 -50  -6
 14 -48 -20
 -6 -56  -8
 -6 -52  -8
  6 -74 -10
 10 -70 -10
  2 -76 -10
 22 -70 -14
-30  -2  46
-60 -18   2
-56 -10  -2
-56 -30   6
-38 -30  10
  8 -54  58
  8 -54  58
-22 -76 -12
-20 -80 -12
-30 -76  -4
 16 -68  44
 -2 -84  -6
  6 -88  -6
-22  16   4
-12 -70  48
-30 -50  40
 -6 -16  16
-22 -30  -2
-40  16  18
 34 -50  46
 16  10  56


//Kuhlen_2017:1
//Subjects=17
 24 59  -5
 24 38  -2
 15 53 -11
-48 50  -5
-54 47 -11
-57 41 -20


//Langavant_2011:1
//Subjects=10
58 -52 18
56 -60  4
46 -58 10
 2  28 62
 4  18 60
-2 -52 44


//Miyata_2021:1
//Subjects=32
 46  -24  -2
 56  -42  10
 60  -44  42
 60  -38  38
 52  -48  26
 66  -44  22
 56  -56  12
-52  -26   2
-48  -30   0
 10   12  72
-54  -48  40
-60  -50  30
-58  -48  22
-56  -50  28
-58  -54  28
-42  -58  20
-38  -54  22
-52  -60  20
 -6   48  28
 10   50  24
 30  -88 -20
 22  -80 -28
 50   20  -4
 52   22   0
 50   22  20
-26  -76 -20
-24  -90 -24
-20  -78 -34
  4   34  24
  2   26  32
 -6  -78  48
 -2  -66  60
  0  -74  52
 14  -68  46
-26   -4  14
-16    2  16
 -6   -4  68
-10   46  38
  6   -6  64
 24   -4  10
-54   -4  40
-56   -2  34
-58  -12  36
-58  -12  24
 -4  -18  34
  6  -20  34
 40  -78   0
 30  -96  10
 48  -60 -10
 42  -72  -6
 40  -92   4
 22 -102  16


//Molenberghs_2014:1
//Subjects=48
-27   8  1
 27   5 -5
  0  23 -5
 -3  53 28
-48  23 -8
 45  29 -8
 57 -25 -5


//Nagy_2010:1
//Subjects=15
-54 -42  63
-56 -54  53
-61 -66  16
-41 -61  67
-54 -68  37
 -2 -50  61
 28 -59  59
 43  25  57
 58  21  39
 38  35  56
 36  37  49
 58  41  26
-21  58 -19
 27  29 -15
 27  33 -13
-40 -47 -13
-36 -40 -11
-66 -62   7
-68 -58   2
-57 -78   0
-54 -42  61
-56 -51  53
-52 -44  45
-57 -57  40
-64 -67  -1
-61 -71   1
-68 -59   0


//Noordzij_2009_Study1:1
//Subjects=24
 50 -42 14
  4  54 18
-52 -24 44
-38 -34 64


//Noordzij_2009_Study2:1
//Subjects=8
50 -38  6
 0 -38 20


//Redcay_2010_Study2:1
//Subjects=13
 48  -40   6
 54  -58  14
 50  -70   0
-48  -56  14
-48  -68   6
-10 -106  14
  2  -88  -2
 46   30  -6
  6   50  44
 58    2 -24


//Redcay_2013:1
//Subjects=14
  0  -54  24
-54  -72   6
-10 -100   6
-42  -66  48
-62  -32  -8
 44  -64  14
 46  -42   6
  2   58  32
  6  -86 -12
 58  -50  50
  2   34  36
 60   16   4
-28   48  24
-46  -48  42
 -4  -42  48
 64  -30  26
 46  -46  14
  2  -74  42
 48   12  46
-48    8   0
  2    8  56
 50   26 -10
 50  -64  12


//Redcay_2012:1
//Subjects=32
 44   24 -16
 66  -46  16
 54  -48  50
-50  -56  12
-46  -50  52
 50   14  46
  2   20  64
-54    8   0
-16  -68   6
 52  -50  48
-12   -8  18
 40   26 -20
-38  -62  54
  2   58  28
 14  -72  18
 58  -50  16
-52  -68  30
-52  -66  18
  2  -50  28
-10  -98   2
 58  -68  14
 60  -52  14
-50   34 -12
 -2   60  34
  2   42  18
 46  -54 -26
 48   32 -16
-16 -102  12
-36   24 -34
  2   38 -18
  0   64  22
 54  -60  10
 54  -38   2
  4  -48  28
-50  -68  14
  2  -82  -2
-48  -70  44


//Saito_2010:1
//Subjects=38
 26 -96  -2
 34 -86  -4
 48 -60  -6
 48 -54   4
 56 -52   2
 48 -44 -18
 52 -40   8
-30 -94  -6
 32  26   2
 44  10  32
 50  26  16
-30  25  -4
  6  22  44
  8  28  36


//Schilbach_2009:1
//Subjects=21
-10  56  37
 -2  52 -21
-56  -2 -21
 22 -24  -5
  4 -36  39
  8 -88  13


//Schippers_2009:1
//Subjects=24
 50 -68  -2
 28 -50  52
 56 -42  16
 48 -28  36
 34 -36  52
 60  18  28
-40  22 -22
-40 -26  64
-28 -54  66
 44 -20  54
-36 -14  62
  4   0  68
-46 -32  38
-52   6  10
-52 -62  -2
 66 -34  22
 26 -72  40
 32  46  28
 44 -68  -2
 26 -88  -8
-42 -68  -4
-44 -66  -2
 36 -44  60
 26 -26  -4
-48  14  22


//Shpurov_2020:1
//Subjects=24
 -8  54   0
-20  42  20
 -2  52  42
-10 -48  30
-10 -56  26
-48   2 -32
-54 -12 -26
-46  -4 -22
-26 -84 -34
-10 -92 -30
-38 -36   2
-34 -28   2
-44 -22 -12
-34 -16 -22
-42 -28 -18
 -6  -8  42
 -4 -26  60
-62 -60  26
-30 -32  22
-42 -16  18
 -6 -36  78
 -2  24  62
 10  52  10
 10  56  30
  2  52 -14
 10  36  -2
  6 -52  26
 26 -84 -38
 34 -76 -34
 50  16 -30
 34  20 -18
 66 -24 -10
 42 -32 -14
 42 -16 -14
 58 -48  26
  6 -36  66
 30 -24  18
 38 -24  30
 18  32  62


//Spitzer_2007:1
//Subjects=23
-32  26  28
-42  44  20
 28  26  24
 38  38  28
-42  52  -2
-34  50   6
 46  48   6
-40  36 -14
 44  42  -6
-14   8  12
-20   2  20
 16  10  14
 14  -2  20
 -6  -4   4
-28 -68 -18
 -6 -82 -12
-18 -80 -12
 30 -64 -28
  2 -60 -24
 16 -76 -28
-34  46  -6
-26   6 -28
-56 -26   4
 50   2   6
 42  -2   2


//Tamir_2015:1
//Subjects=23
-24 19 -16
-10 55  -6


//Tomlin_2013:1
//Subjects=86
 30  16 -14
-30  20 -10
 10   0  10
 -6   0   2
 54   8  14
-42   0  26
  6  36  30
 34 -48  38
-30 -52  42
 34  24 -10
-30  24  -2
 54  12  14
-42   4  30
  2  32  38
 38 -52  46
-26 -72  30


//Tsoi_2016:1
//Subjects=18
  0  -88  -8
 12  -97  16
  3   41  37
 48  -52  37
-45  -58  28
-12 -103  13
-39   23  40
 36  -70 -29
-27   20 -14
-39   47  -5
  9 -100  16
 51  -46  34
 36   26 -14
 36   59  -2
 -9 -103  16
-51  -55  31
  3   32  37
 30  -73 -17
  3  -67  43
 48  -52  40
 51  -46  34
 60  -49  28
  0   32  28
  3   32  67
  3   35  52
 12 -100  16
  3  -88  -5
-27   56  19
-15   56 -11
-42   44 -14
-51  -61  37
-45  -55  31
-48  -58  46
-27   20 -11
 33   56  -8
 36   56  10
 21   56   7
 39   23 -11
 30   23 -20
 21   59  19
-24  -97  19
-42   20  40
-36   23  31
-36   11  34
  6  -67  46


//Wang_2019:1
//Subjects=24
24 -52 -26
42  44  25
18  -7  16
24 -25  -5


//Yoo_2020:1
//Subjects=19
-62 -42  18
-60 -36  34
-52 -44   8
-10  12  34
  6  16  40
 -6   2  66
  8  26  26
 50  14  -8
 44   8  -2
-50  14 -10
-14   0   8
-42   8   0
 64 -38  30
 44 -82   0
-46  -2  42
-48   4  50
 50   4  50
 38   3  36
-28  50  18
-30 -64 -26
-16 -88  40
-34 -92  14
 26  56  20
 34  54  26


//Yoshie_2016:1
//Subjects=21
 50 -31  -2
-50  -6 -15
-54 -22  -3
 53 -24  -5
 -9 -72  -6


//Zimmermann_2019:1
//Subjects=24
-54 -22 20
-42 -22 20
-39  -1 11
-66 -22 26
-48   2  5
-42   8 -4
-12   5 -1
 -3  23 23
 -3  14 35
 57 -19 20
 57 -40 14
 54 -34 26
-48 -64  8
 45  11 -1
 39   8  5
 15   5 -4

